,reward,operational_cost,purchased_energy_cost,purchased_energy_battery,purchased_energy_load,sell_back_revenue,energy_demand,energy_load,discharged,purchase_energy,energy_battery_discharged,energy_generated_solar,solar,energy_generated_wind,wind,energy_generated_generator,generator,actions_adjusting_status,soc,solar_irradiance,wind_speed,energy_price_utility_grid
0,-467.2554349467527,0.0,167.2554349467527,270.0,8.759058244587834,0.0,289.22809697551,0.02261000000000024,1,"{'load': 0, 'battery': 0}",1,0.0,2,0,0,0,0,"{'solar': 0, 'wind': 0, 'generator': 0}",15.0,0.0711,3.3120000000000003,0.6
1,-470.4282027288653,0.0015833333333333333,470.426619395532,270.0,514.04436565922,0.0,514.04436565922,514.04436565922,0,"{'load': 1, 'battery': 1}",0,0.0,2,0,0,0,0,"{'solar': 0, 'wind': 0, 'generator': 0}",285.0,0.7085,4.212,0.6
2,-215.429263180146,0.0,215.429263180146,270.0,89.04877196691001,0.0,359.04877196691,359.04877196691,1,"{'load': 1, 'battery': 0}",1,0.0,2,0,0,0,0,"{'solar': 0, 'wind': 0, 'generator': 0}",15.0,428.2502,13.392000000000001,0.6
3,-276.4831925154001,0.0,276.4831925154001,152.23815580000002,308.5671650590002,0.0,308.5671650590002,308.5671650590002,1,"{'load': 1, 'battery': 0}",1,0.0,2,0,0,0,0,"{'solar': 0, 'wind': 0, 'generator': 0}",15.0,368.164,15.408000000000001,0.6
4,-489.5403814635838,0.0,489.5403814635838,270.0,273.9337571817598,0.0,543.9337571817598,543.9337571817598,1,"{'load': 1, 'battery': 0}",1,0.0,0,0,0,0,0,"{'solar': 0, 'wind': 0, 'generator': 0}",15.0,0.0185,25.776,0.8999999999999999
5,-683.45184588798,0.0,383.45184588797997,270.0,369.0864098132999,0.0,299.53486364423594,0.0,0,"{'load': 0, 'battery': 0}",0,0.0,0,0,0,0,0,"{'solar': 0, 'wind': 0, 'generator': 0}",285.0,0.0402,22.968,0.6
6,-443.18474472760806,0.0032466,143.18149812760805,0.0,238.63583021268008,0.0,244.96994625143103,0.021644,0,"{'load': 0, 'battery': 1}",0,0.021644,0,0,0,0,0,"{'solar': 1, 'wind': 0, 'generator': 0}",285.0,0.0773,24.48,0.6
7,-479.00522187910303,0.06032033333333334,478.9449015457697,270.0,528.2415025762829,0.0,528.6330825762828,528.6330825762828,1,"{'load': 1, 'battery': 1}",1,0.39158000000000004,0,0,0,0,0,"{'solar': 1, 'wind': 0, 'generator': 0}",285.0,1.3985,27.684,0.6
8,-273.19434427676185,25.645888799999998,247.54845547676183,270.0,142.58075912793637,0.0,313.55335112793637,313.55335112793637,1,"{'load': 1, 'battery': 0}",1,170.972592,0,0,0,0,0,"{'solar': 1, 'wind': 0, 'generator': 0}",15.0,610.6164,6.6240000000000006,0.6
9,-172.7394953801794,22.0807608,180.09974898017938,0.0,300.166248300299,29.4410144,300.166248300299,300.166248300299,0,"{'load': 1, 'battery': 1}",0,147.205072,2,0,0,0,0,"{'solar': 1, 'wind': 0, 'generator': 0}",285.0,525.7324,13.068,0.6
10,-700.6266604292763,0.00022680000000000004,700.6267360292763,270.0,508.4741511436404,0.0003024000000000001,508.4741511436404,508.4741511436404,1,"{'load': 1, 'battery': 0}",1,0.0015120000000000003,2,0,0,0,0,"{'solar': 1, 'wind': 0, 'generator': 0}",15.0,0.0054,3.528,0.8999999999999999
11,-172.53693596906032,0.0036035999999999998,172.53813716906032,0.0,287.56356194843386,0.0048048000000000006,287.56356194843386,287.56356194843386,0,"{'load': 1, 'battery': 0}",0,0.024024,2,0,0,0,0,"{'solar': 1, 'wind': 0, 'generator': 0}",15.0,0.0858,13.212,0.6
12,-406.4153086379051,0.0035365382543209875,106.4117720996508,0.0,177.35295349941802,0.0,181.57028627111617,0.0,0,"{'load': 0, 'battery': 1}",0,0.023576,1,0,0,0,0,"{'solar': 1, 'wind': 0, 'generator': 0}",285.0,0.0842,7.524,0.6
13,-230.7105479213746,0.2171022,230.7829153213746,270.0,114.63819220229101,0.28946960000000005,384.638192202291,384.638192202291,1,"{'load': 1, 'battery': 0}",1,1.447348,2,0,0,0,0,"{'solar': 1, 'wind': 0, 'generator': 0}",15.0,5.1691,3.204,0.6
14,-640.4658542638251,21.9212574,347.7729400638253,265.921422,313.70014477304215,29.2283432,281.43527635267,77.6229762,1,"{'load': 0, 'battery': 0}",1,146.141716,2,0,0,0,0,"{'solar': 1, 'wind': 0, 'generator': 0}",15.0,521.9347,1.0080000000000002,0.6
15,-163.1797821380213,0.0,163.1797821380213,0.0,271.96630356336885,0.0,271.96630356336885,271.96630356336885,0,"{'load': 1, 'battery': 1}",0,0.0,1,0,0,0,0,"{'solar': 0, 'wind': 0, 'generator': 0}",285.0,551.771,9.612,0.6
16,-926.1296589844897,0.028607318349382717,626.1010516661403,253.8707708,441.79706438460033,0.0,475.3304019017004,270.0,1,"{'load': 0, 'battery': 0}",1,0.19070800000000002,1,0,0,0,0,"{'solar': 1, 'wind': 0, 'generator': 0}",15.1811726,0.6811,19.944,0.8999999999999999
17,-507.46672096390193,0.0,207.4667209639019,0.0,345.7778682731699,0.0,271.0252018819517,0.0,0,"{'load': 0, 'battery': 1}",0,0.0,0,0,0,0,0,"{'solar': 0, 'wind': 0, 'generator': 0}",285.0,0.0,4.392,0.6
18,-587.2991221328111,0.0,287.2991221328112,270.0,208.831870221352,0.0,214.22919047764682,0.0,1,"{'load': 0, 'battery': 0}",1,0.0,2,0,0,0,0,"{'solar': 0, 'wind': 0, 'generator': 0}",15.0,0.0657,7.524,0.6
19,-195.54200505450663,0.567610189654321,194.97439486485231,0.0,324.9573247747539,0.0,324.9573247747539,324.9573247747539,0,"{'load': 1, 'battery': 1}",0,3.78392,1,0,0,0,0,"{'solar': 1, 'wind': 0, 'generator': 0}",285.0,13.514,19.008000000000003,0.6
20,-656.2349489134523,33.45743695566049,322.7775119577919,270.0,267.9625199296532,0.0,253.98299464009685,0.0,0,"{'load': 0, 'battery': 0}",0,223.04085999999998,1,0,0,0,0,"{'solar': 1, 'wind': 0, 'generator': 0}",285.0,796.5745,18.072,0.6
21,-607.4214315838486,0.0015833333333333333,307.4198482505154,270.0,242.36641375085898,0.0,278.72635595738893,270.0,1,"{'load': 0, 'battery': 1}",1,0.0,1,0,0,0,0,"{'solar': 0, 'wind': 0, 'generator': 0}",285.0,720.0365,5.436,0.6
22,-390.8693540644107,0.0,390.8693540644107,0.0,434.2992822937897,0.0,434.2992822937897,434.2992822937897,0,"{'load': 1, 'battery': 1}",0,0.0,2,0,0,0,0,"{'solar': 0, 'wind': 0, 'generator': 0}",285.0,3.5676,22.896,0.8999999999999999
23,-272.9074504897264,0.0015833333333333333,272.9058671563931,270.0,184.8431119273218,0.0,184.8431119273218,184.8431119273218,1,"{'load': 1, 'battery': 1}",1,0.0,2,0,0,0,0,"{'solar': 1, 'wind': 0, 'generator': 0}",285.0,0.0,18.18,0.6
24,-544.6004156847433,0.0024024000000000003,244.59801328474325,270.0,137.6633554745721,0.0,140.5269083431719,0.016016000000000002,0,"{'load': 0, 'battery': 0}",0,0.016016000000000002,0,0,0,0,0,"{'solar': 1, 'wind': 0, 'generator': 0}",285.0,0.0572,22.788,0.6
25,-161.44840092763795,0.0,161.44840092763795,0.0,269.0806682127299,0.0,269.0806682127299,269.0806682127299,0,"{'load': 1, 'battery': 1}",0,0.0,0,0,0,0,0,"{'solar': 0, 'wind': 0, 'generator': 0}",285.0,161.3,23.759999999999998,0.6
26,-215.68927098386763,32.573032733333335,183.11623825053428,270.0,35.19373041755719,0.0,252.3367264175572,252.3367264175572,0,"{'load': 1, 'battery': 1}",0,217.142996,0,0,0,0,0,"{'solar': 1, 'wind': 0, 'generator': 0}",285.0,775.5107,16.308,0.6
27,-471.3833140385647,0.0,171.38331403856472,0.0,285.6388567309412,0.0,328.57843342159396,270.0,1,"{'load': 0, 'battery': 0}",1,0.0,2,0,0,0,0,"{'solar': 0, 'wind': 0, 'generator': 0}",15.0,728.0843,9.0,0.6
28,-554.6888481716811,0.7067297999999999,253.98211837168114,0.0,133.67479914299008,0.0,429.83115150384947,4.711531999999999,0,"{'load': 0, 'battery': 1}",0,4.711531999999999,0,0,0,0,0,"{'solar': 1, 'wind': 0, 'generator': 0}",285.0,16.8269,6.3,1.9
29,-282.95978042351106,0.0,282.95978042351106,270.0,201.59963403918516,0.0,201.59963403918516,201.59963403918516,1,"{'load': 1, 'battery': 0}",1,0.0,0,0,0,0,0,"{'solar': 1, 'wind': 0, 'generator': 0}",15.0,0.0,1.8,0.6
30,-564.8625431519498,0.00762749818271605,264.8549156537671,270.0,171.4248594229452,0.0,145.59863723778597,0.0,0,"{'load': 0, 'battery': 0}",0,0.050848000000000004,1,0,0,0,0,"{'solar': 1, 'wind': 0, 'generator': 0}",285.0,0.1816,2.2680000000000002,0.6
31,-327.90068506977315,0.0015833333333333333,327.89910173643983,270.0,276.49850289406635,0.0,276.49850289406635,276.49850289406635,1,"{'load': 1, 'battery': 1}",1,0.0,1,0,0,0,0,"{'solar': 0, 'wind': 0, 'generator': 0}",285.0,277.1555,0.0,0.6
32,-530.3172961928148,0.0,530.3172961928148,0.0,279.11436641727096,0.0,279.11436641727096,279.11436641727096,0,"{'load': 1, 'battery': 0}",0,0.0,1,0,0,0,0,"{'solar': 0, 'wind': 0, 'generator': 0}",15.0,923.8011,26.28,1.9
33,-2322.070705177851,0.0,2322.070705177851,270.0,393.4487729079574,0.0,393.4487729079574,393.4487729079574,0,"{'load': 1, 'battery': 0}",0,0.0,2,0,0,0,0,"{'solar': 0, 'wind': 0, 'generator': 0}",285.0,740.8523,27.612000000000002,3.5
34,-960.6548993307738,0.0,660.6548993307738,0.0,347.71310491093357,0.0,421.72033652262,0.0,0,"{'load': 0, 'battery': 1}",0,0.0,0,0,0,0,0,"{'solar': 0, 'wind': 0, 'generator': 0}",285.0,25.2297,6.912,1.9
35,-360.58718638870187,0.0015833333333333333,360.58560305536855,270.0,330.9760050922809,0.0,234.35759570686994,270.0,1,"{'load': 0, 'battery': 1}",1,0.0,0,0,0,0,0,"{'solar': 0, 'wind': 0, 'generator': 0}",285.0,0.0,10.368,0.6
36,-499.1562986786994,0.0,199.15629867869936,270.0,61.92716446449896,0.0,153.74110831907504,0.0,1,"{'load': 0, 'battery': 0}",1,0.0,0,0,0,0,0,"{'solar': 1, 'wind': 0, 'generator': 0}",15.0,0.0,5.184,0.6
37,-160.55004630253194,0.0,160.55004630253194,0.0,267.5834105042199,0.0,267.5834105042199,267.5834105042199,0,"{'load': 1, 'battery': 1}",0,0.0,1,0,0,0,0,"{'solar': 0, 'wind': 0, 'generator': 0}",285.0,52.2572,7.776000000000001,0.6
38,-137.0085819417628,39.63627330566296,97.37230863609985,0.0,51.24858349268413,0.0,321.24858349268413,321.24858349268413,1,"{'load': 1, 'battery': 0}",1,264.231492,1,0,0,0,0,"{'solar': 1, 'wind': 0, 'generator': 0}",266.0199174,943.6839,26.64,1.9
39,-1507.390724455922,32.914677600000005,1474.476046855922,0.0,421.2788705302635,0.0,470.2824197760054,489.43118400000003,1,"{'load': 1, 'battery': 0}",1,219.43118400000003,0,0,0,0,0,"{'solar': 1, 'wind': 0, 'generator': 0}",15.0,783.6828,8.352,3.5
40,-892.3054395165586,0.0,892.3054395165586,216.6826408,252.95180105082034,0.0,522.9518010508203,522.9518010508203,1,"{'load': 1, 'battery': 0}",1,0.0,1,0,0,0,0,"{'solar': 0, 'wind': 0, 'generator': 0}",15.0,40.4329,7.668,1.9
41,-152.0075499761263,0.005451813128395062,152.00209816299792,0.0,253.33683027166322,0.0,253.33683027166322,253.33683027166322,0,"{'load': 1, 'battery': 0}",0,0.036344,1,0,0,0,0,"{'solar': 1, 'wind': 0, 'generator': 0}",285.0,0.1298,7.596,0.6
42,-409.56809618634844,0.0,109.56809618634846,0.0,182.6134936439141,0.0,164.7930935047248,0.0,0,"{'load': 0, 'battery': 0}",0,0.0,0,0,0,0,0,"{'solar': 0, 'wind': 0, 'generator': 0}",285.0,0.0857,0.36000000000000004,0.6
43,-12.921628786593454,0.0,12.921628786593454,0.0,21.536047977655755,0.0,291.53604797765576,291.53604797765576,1,"{'load': 1, 'battery': 0}",1,0.0,0,0,0,0,0,"{'solar': 0, 'wind': 0, 'generator': 0}",15.0,68.6102,1.296,0.6
44,-1229.8624065461802,0.0015833333333333333,1229.8608232128468,270.0,377.29517011202455,0.0,377.29517011202455,377.29517011202455,0,"{'load': 1, 'battery': 1}",0,0.0,1,0,0,0,0,"{'solar': 0, 'wind': 0, 'generator': 0}",285.0,915.6219,10.476,1.9
45,-2024.2875639412644,33.92340317173456,1690.3641607695297,270.0,212.9611887912942,0.0,537.9328235169892,245.2462544,1,"{'load': 0, 'battery': 0}",1,226.14718,1,0,0,0,0,"{'solar': 1, 'wind': 0, 'generator': 0}",229.83982099999997,807.6685,5.688000000000001,3.5
46,-1133.1313626571257,3.013773,1134.1359536571258,0.0,596.9136598195399,4.018364000000001,596.9136598195399,596.9136598195399,0,"{'load': 1, 'battery': 0}",0,20.091820000000002,2,0,0,0,0,"{'solar': 1, 'wind': 0, 'generator': 0}",285.0,71.7565,12.564000000000002,1.9
47,-598.0404167532192,0.0008736341530864197,298.0395431190661,270.0,226.73257186511012,0.0,283.6956348987598,270.0,1,"{'load': 0, 'battery': 0}",1,0.005824,1,0,0,0,0,"{'solar': 1, 'wind': 0, 'generator': 0}",15.0055328,0.0208,19.872,0.6
48,-268.36985155030203,0.0,268.36985155030203,270.0,177.28308591717004,0.0,177.28308591717004,177.28308591717004,0,"{'load': 1, 'battery': 0}",0,0.0,1,0,0,0,0,"{'solar': 0, 'wind': 0, 'generator': 0}",285.0,0.061,25.128000000000004,0.6
49,-336.88235112961564,0.0015833333333333333,336.8807677962823,270.0,291.4679463271372,0.0,291.4679463271372,291.4679463271372,1,"{'load': 1, 'battery': 1}",1,0.0,0,0,0,0,0,"{'solar': 0, 'wind': 0, 'generator': 0}",285.0,59.5652,1.296,0.6
50,-1232.1856694161197,0.0015833333333333333,1232.1840860827863,270.0,378.51794004357185,0.0,378.51794004357185,378.51794004357185,1,"{'load': 1, 'battery': 1}",1,0.0,2,0,0,0,0,"{'solar': 0, 'wind': 0, 'generator': 0}",285.0,441.3814,4.86,1.9
51,-2889.2394626771534,0.0015833333333333333,2889.23787934382,270.0,555.4965369553772,0.0,555.4965369553772,555.4965369553772,1,"{'load': 1, 'battery': 1}",1,0.0,1,0,0,0,0,"{'solar': 0, 'wind': 0, 'generator': 0}",285.0,750.7223,20.16,3.5
52,-908.6910356076592,0.0,608.6910356076592,0.0,320.36370295139955,0.0,596.2077479008902,0.0,0,"{'load': 0, 'battery': 1}",0,0.0,1,0,0,0,0,"{'solar': 0, 'wind': 0, 'generator': 0}",285.0,22.973,2.4120000000000004,1.9
53,-359.15400965112207,0.0038555333333333336,359.15318371778875,270.0,328.5886395296479,0.0030296000000000008,245.4478010043732,270.0,1,"{'load': 1, 'battery': 1}",1,0.015148000000000003,2,0,0,0,0,"{'solar': 1, 'wind': 0, 'generator': 0}",285.0,0.0541,29.340000000000003,0.6
54,-587.0108750437734,0.0015833333333333333,287.00929171044004,270.0,208.3488195174001,0.0,162.23077267545392,0.0,1,"{'load': 0, 'battery': 1}",1,0.0,2,0,0,0,0,"{'solar': 0, 'wind': 0, 'generator': 0}",285.0,0.0394,6.8759999999999994,0.6
55,-646.6410294523547,0.0015833333333333333,346.63944611902133,270.0,307.73241019836894,0.0,294.92173168707274,270.0,1,"{'load': 0, 'battery': 1}",1,0.0,1,0,0,0,0,"{'solar': 0, 'wind': 0, 'generator': 0}",285.0,67.2948,10.08,0.6
56,-579.8262944932193,35.4805584,544.3457360932193,120.70287160000001,165.79488423853644,0.0,402.33194023853645,402.33194023853645,0,"{'load': 1, 'battery': 0}",0,236.537056,0,0,0,0,0,"{'solar': 1, 'wind': 0, 'generator': 0}",15.0,844.7752,24.984,1.9
57,-1995.231883943735,28.3002048,1666.931679143735,0.0,476.26619404106714,0.0,521.0307089830686,405.0409972,1,"{'load': 0, 'battery': 0}",1,188.668032,0,0,0,0,0,"{'solar': 1, 'wind': 0, 'generator': 0}",15.0,673.8144,5.472,3.5
58,-1217.236713082699,0.0015833333333333333,1217.2351297493656,270.0,370.65006828913977,0.0,640.6500682891398,640.6500682891398,1,"{'load': 1, 'battery': 1}",1,0.0,2,0,0,0,0,"{'solar': 0, 'wind': 0, 'generator': 0}",285.0,1.9964,4.572,1.9
59,-312.6078002384908,0.0015833333333333333,312.6062169051575,270.0,251.01036150859593,0.0,251.01036150859593,251.01036150859593,0,"{'load': 1, 'battery': 1}",0,0.0,0,0,0,0,0,"{'solar': 0, 'wind': 0, 'generator': 0}",285.0,0.0371,4.824000000000001,0.6
60,-263.0596124872961,0.0015833333333333333,263.05802915396276,270.0,168.43004858993794,0.0,163.93749284103308,270.0,1,"{'load': 1, 'battery': 1}",1,0.0,0,0,0,0,0,"{'solar': 0, 'wind': 0, 'generator': 0}",285.0,0.0293,15.3,0.6
61,-489.4709973278767,0.0,189.47099732787674,269.6089268,46.176068746461226,0.0,307.05980500621894,270.0,1,"{'load': 0, 'battery': 0}",1,0.0,1,0,0,0,0,"{'solar': 0, 'wind': 0, 'generator': 0}",15.0,52.1639,1.836,0.6
62,-622.583707942092,33.1335354,633.628219742092,0.0,333.48853670636424,44.17804720000001,333.48853670636424,333.48853670636424,0,"{'load': 1, 'battery': 1}",0,220.89023600000002,2,0,0,0,0,"{'solar': 1, 'wind': 0, 'generator': 0}",285.0,788.8937,2.9160000000000004,1.9
63,-1520.9844297968855,24.059338800000003,1529.0042093968855,270.0,166.8583455419673,32.079118400000006,436.8583455419673,436.8583455419673,1,"{'load': 1, 'battery': 0}",1,160.39559200000002,2,0,0,0,0,"{'solar': 1, 'wind': 0, 'generator': 0}",15.0,572.8414,7.992000000000001,3.5
64,-770.367958210115,0.0023309333333333335,470.3656272767817,270.0,252.62847475197975,0.0,552.36088918663,270.004984,1,"{'load': 0, 'battery': 1}",1,0.004984,0,0,0,0,0,"{'solar': 1, 'wind': 0, 'generator': 0}",285.0,0.0178,21.240000000000002,0.8999999999999999
65,-132.42326154014177,0.00282251034074074,132.42043902980103,0.0,220.70073171633504,0.0,220.70073171633504,220.70073171633504,0,"{'load': 1, 'battery': 1}",0,0.018816,1,0,0,0,0,"{'solar': 1, 'wind': 0, 'generator': 0}",285.0,0.0672,12.6,0.6
66,-249.46911583667656,0.0033683368225308646,249.46574749985405,269.988695,145.78755083309008,0.0,145.78755083309008,145.78755083309008,1,"{'load': 1, 'battery': 1}",1,0.011900000000000003,1,0,0,0,0,"{'solar': 1, 'wind': 0, 'generator': 0}",285.0,0.0425,2.088,0.6
67,-338.4316922633476,0.0,338.4316922633476,269.8800074,294.17281303891275,0.0,294.17281303891275,294.17281303891275,0,"{'load': 1, 'battery': 0}",0,0.0,0,0,0,0,0,"{'solar': 0, 'wind': 0, 'generator': 0}",285.0,14.5745,11.268,0.6
68,-140.23902015247936,0.0,140.23902015247936,209.8157976,23.915902654132253,0.0,293.91590265413225,293.91590265413225,1,"{'load': 1, 'battery': 0}",1,0.0,0,0,0,0,0,"{'solar': 0, 'wind': 0, 'generator': 0}",15.0,665.8704,13.212,0.6
69,-334.15361103781066,18.517759517029628,15.635851520781022,0.0,26.059752534635038,0.0,359.63343466502204,0.0,0,"{'load': 0, 'battery': 0}",0,123.446904,1,0,0,0,0,"{'solar': 1, 'wind': 0, 'generator': 0}",132.2745588,440.8818,15.156,0.6
70,-688.2366296428162,0.002557733333333333,688.2340719094829,270.0,494.70452434387,0.0,494.71102034387,494.71102034387,0,"{'load': 1, 'battery': 1}",0,0.006495999999999999,0,0,0,0,0,"{'solar': 1, 'wind': 0, 'generator': 0}",285.0,0.0232,3.204,0.8999999999999999
71,-110.9468287828915,0.0,110.9468287828915,0.0,184.91138130481917,0.0,184.91138130481917,184.91138130481917,0,"{'load': 1, 'battery': 0}",0,0.0,2,0,0,0,0,"{'solar': 0, 'wind': 0, 'generator': 0}",285.0,0.0618,15.947999999999999,0.6
72,-725.9097191169839,0.0015832512838271605,425.90813586570005,269.9860084,439.86088470950006,0.0,135.9288990043561,0.0,0,"{'load': 0, 'battery': 1}",0,0.0,0,0,0,0,0,"{'solar': 0, 'wind': 0, 'generator': 0}",285.0,0.177,9.18,0.6
73,-545.525682786235,0.0015833333333333333,245.5240994529018,270.0,139.206832421503,0.0,305.260544510961,0.0,1,"{'load': 0, 'battery': 1}",1,0.0,2,0,0,0,0,"{'solar': 0, 'wind': 0, 'generator': 0}",285.0,7.7147,8.208,0.6
74,-243.40357778080957,14.719895333333332,228.68368244747623,270.0,111.13947074579374,0.0,261.28920894579375,261.28920894579375,1,"{'load': 1, 'battery': 1}",1,98.12208,0,0,0,0,0,"{'solar': 1, 'wind': 0, 'generator': 0}",285.0,350.436,29.556000000000004,0.6
75,-321.3027807189833,0.0015833333333333333,321.30119738564997,270.0,265.50199564274993,0.0,265.50199564274993,265.50199564274993,1,"{'load': 1, 'battery': 1}",1,0.0,2,0,0,0,0,"{'solar': 0, 'wind': 0, 'generator': 0}",285.0,325.7239,6.3,0.6
76,-187.50707247402926,0.0,187.50707247402926,0.0,208.3411916378103,0.0,478.3411916378103,478.3411916378103,1,"{'load': 1, 'battery': 0}",1,0.0,0,0,0,0,0,"{'solar': 0, 'wind': 0, 'generator': 0}",15.0,0.0402,20.196,0.8999999999999999
77,-664.7973968517902,0.0042504000000000005,364.79314645179005,270.0,337.98857741965014,0.0,260.05702027686704,0.028336000000000004,0,"{'load': 0, 'battery': 0}",0,0.028336000000000004,0,0,0,0,0,"{'solar': 1, 'wind': 0, 'generator': 0}",285.0,0.1012,42.804,0.6
78,-253.60051259059532,0.003985738029382716,253.59652685256594,269.9847848,152.67609328760994,0.0,136.32521759320386,270.0,1,"{'load': 0, 'battery': 1}",1,0.016016000000000002,1,0,0,0,0,"{'solar': 1, 'wind': 0, 'generator': 0}",285.0,0.0572,25.452,0.6
79,-441.184994852856,0.0,141.184994852856,0.0,235.30832475475998,0.0,301.94223442219095,0.0,0,"{'load': 0, 'battery': 1}",0,0.0,1,0,0,0,0,"{'solar': 0, 'wind': 0, 'generator': 0}",285.0,50.206,11.376000000000001,0.6
80,-269.27718794305434,21.501211200000004,247.77597674305434,270.0,142.95996123842397,0.0,286.301369238424,286.301369238424,0,"{'load': 1, 'battery': 0}",0,143.34140800000003,0,0,0,0,0,"{'solar': 1, 'wind': 0, 'generator': 0}",285.0,511.9336,8.568,0.6
81,-195.257726832237,14.588783121076542,180.66894371116047,0.0,301.11490618526744,0.0,301.11490618526744,301.11490618526744,0,"{'load': 1, 'battery': 0}",0,97.254752,1,0,0,0,0,"{'solar': 1, 'wind': 0, 'generator': 0}",285.0,347.3384,7.920000000000001,0.6
82,-478.9116266414492,0.0,478.9116266414492,0.0,532.1240296016102,0.0,532.1240296016102,532.1240296016102,0,"{'load': 1, 'battery': 0}",0,0.0,1,0,0,0,0,"{'solar': 0, 'wind': 0, 'generator': 0}",285.0,0.041,25.272,0.8999999999999999
83,-535.2339488885882,0.0033432,235.2306056885882,0.0,392.0510094809804,0.0,320.891934693697,0.022288000000000002,0,"{'load': 0, 'battery': 1}",0,0.022288000000000002,0,0,0,0,0,"{'solar': 1, 'wind': 0, 'generator': 0}",285.0,0.0796,5.796,0.6
84,-318.03728936959186,0.005254133333333334,318.03203523625854,270.0,260.053392060431,0.0,267.537688646586,270.024472,1,"{'load': 1, 'battery': 1}",1,0.024472000000000004,0,0,0,0,0,"{'solar': 1, 'wind': 0, 'generator': 0}",285.0,0.0874,16.128000000000004,0.6
85,-123.88970145102707,0.0,123.88970145102707,0.0,206.48283575171178,0.0,476.4828357517118,476.4828357517118,1,"{'load': 1, 'battery': 0}",1,0.0,0,0,0,0,0,"{'solar': 0, 'wind': 0, 'generator': 0}",15.0,0.8405,8.568,0.6
86,-198.11995547574617,0.0,198.11995547574617,270.0,60.19992579291028,0.0,330.1999257929103,330.1999257929103,1,"{'load': 1, 'battery': 0}",1,0.0,2,0,0,0,0,"{'solar': 0, 'wind': 0, 'generator': 0}",15.0,334.2887,15.264000000000001,0.6
87,-487.5006285824831,0.0,187.5006285824831,270.0,42.501047637471856,0.0,328.0842100818069,270.0,1,"{'load': 0, 'battery': 0}",1,0.0,1,0,0,0,0,"{'solar': 0, 'wind': 0, 'generator': 0}",15.0,383.5784,14.832,0.6
88,-511.0746662037469,0.002205086203703704,211.07246111754316,0.0,234.5249567972702,0.0,547.0001159740302,0.0,0,"{'load': 0, 'battery': 1}",0,0.014700000000000001,1,0,0,0,0,"{'solar': 1, 'wind': 0, 'generator': 0}",285.0,0.0525,24.12,0.8999999999999999
89,-193.80621754803113,0.0057035413872222225,193.8005140066439,269.9739054,53.0269512777399,0.0,323.0269512777399,323.0269512777399,1,"{'load': 1, 'battery': 1}",1,0.027468000000000003,1,0,0,0,0,"{'solar': 1, 'wind': 0, 'generator': 0}",285.0,0.0981,49.608,0.6
90,-174.09868796840163,0.001008,174.09767996840162,270.0,20.162799947336055,0.0,290.169519947336,290.169519947336,1,"{'load': 1, 'battery': 0}",1,0.00672,0,0,0,0,0,"{'solar': 1, 'wind': 0, 'generator': 0}",15.0,0.024,4.392,0.6
91,-283.92946585085974,0.0,283.92946585085974,270.0,203.21577641809955,0.0,473.21577641809955,473.21577641809955,1,"{'load': 1, 'battery': 0}",1,0.0,2,0,0,0,0,"{'solar': 0, 'wind': 0, 'generator': 0}",15.0,1.0412,19.152,0.6
92,-264.16284377572407,23.593571333333333,240.56927244239074,270.0,130.94878740398457,0.0,355.1269329589141,427.27992,1,"{'load': 0, 'battery': 1}",1,157.27992,0,0,0,0,0,"{'solar': 1, 'wind': 0, 'generator': 0}",285.0,561.714,25.236,0.6
93,-221.10064630228442,20.594249293497526,200.5063970087869,0.0,334.1773283479782,0.0,334.1773283479782,334.1773283479782,0,"{'load': 1, 'battery': 1}",0,137.289628,1,0,0,0,0,"{'solar': 1, 'wind': 0, 'generator': 0}",285.0,490.3201,26.676000000000002,0.6
94,-999.4114151043674,0.0015833333333333333,699.4098317710341,270.0,507.1220353011491,0.0,565.4659696534096,0.0,1,"{'load': 0, 'battery': 1}",1,0.0,0,0,0,0,0,"{'solar': 0, 'wind': 0, 'generator': 0}",285.0,0.0031,22.14,0.8999999999999999
95,-183.73720435592114,0.0027173333333333333,183.7359990225878,270.0,36.22666503764634,0.001512,306.22666503764634,306.22666503764634,1,"{'load': 1, 'battery': 1}",1,0.00756,2,0,0,0,0,"{'solar': 1, 'wind': 0, 'generator': 0}",285.0,0.027,6.48,0.6
96,-597.7047003299418,0.0,297.70470032994183,270.0,226.17450054990312,0.0,234.12952492147286,0.0,1,"{'load': 0, 'battery': 0}",1,0.0,1,0,0,0,0,"{'solar': 0, 'wind': 0, 'generator': 0}",15.0,0.0641,8.64,0.6
97,-695.518966967139,0.0,395.5189669671391,270.0,389.19827827856517,0.0,430.9505930572929,0.0,1,"{'load': 0, 'battery': 0}",1,0.0,0,0,0,0,0,"{'solar': 0, 'wind': 0, 'generator': 0}",15.0,6.1716,25.56,0.6
98,-251.99101407227297,28.249708750754507,223.74130532151847,91.0955554,281.80662013586414,0.0,266.13433165368815,270.0,1,"{'load': 0, 'battery': 1}",1,188.320468,1,0,0,0,0,"{'solar': 1, 'wind': 0, 'generator': 0}",285.0,672.5731,21.996000000000002,0.6
99,-568.2295265858473,21.183963539139636,247.04556304670766,135.84518759999997,275.89741747784615,0.0,288.81737945992586,270.0,1,"{'load': 0, 'battery': 1}",1,141.21559200000004,1,0,0,0,0,"{'solar': 1, 'wind': 0, 'generator': 0}",285.0,504.3414,5.976,0.6
100,-667.237628796183,0.0,667.237628796183,270.0,471.37514310687004,0.0,471.37514310687004,471.37514310687004,0,"{'load': 1, 'battery': 0}",0,0.0,0,0,0,0,0,"{'solar': 0, 'wind': 0, 'generator': 0}",285.0,0.2473,31.895999999999997,0.8999999999999999
101,-721.0492867603798,0.0,421.04928676037974,269.9919934,431.7568178672996,0.0,288.04000531195396,0.0,0,"{'load': 0, 'battery': 0}",0,0.0,2,0,0,0,0,"{'solar': 0, 'wind': 0, 'generator': 0}",285.0,0.0008,15.48,0.6
102,-315.8478270013961,0.0015833333333333333,315.8462436680628,270.0,256.41040611343806,0.0,256.41040611343806,256.41040611343806,0,"{'load': 1, 'battery': 1}",0,0.0,0,0,0,0,0,"{'solar': 0, 'wind': 0, 'generator': 0}",285.0,0.0216,5.796,0.6
103,-21.136844087785185,0.0,21.136844087785185,0.0,35.22807347964198,0.0,305.228073479642,305.228073479642,1,"{'load': 1, 'battery': 0}",1,0.0,2,0,0,0,0,"{'solar': 0, 'wind': 0, 'generator': 0}",15.0,18.1429,3.708,0.6
104,-502.26282056284145,32.21508718832963,170.04773337451186,0.0,283.4128889575198,0.0,269.6006334715938,0.0,0,"{'load': 0, 'battery': 1}",0,214.75885200000002,1,0,0,0,0,"{'solar': 1, 'wind': 0, 'generator': 0}",285.0,766.9959,23.759999999999998,0.6
105,-106.82230882109445,26.978238315452966,79.84407050564148,78.12074039999999,54.95271044273582,0.0,234.80457844273585,234.80457844273585,0,"{'load': 1, 'battery': 1}",0,179.85186800000002,0,0,0,0,0,"{'solar': 1, 'wind': 0, 'generator': 0}",285.0,642.3281,19.296000000000003,0.6
106,-432.42732701955583,0.05687442339876544,432.37045259615707,270.0,210.41161399573014,0.0,480.41161399573014,480.41161399573014,1,"{'load': 1, 'battery': 0}",1,0.37914800000000004,1,0,0,0,0,"{'solar': 1, 'wind': 0, 'generator': 0}",15.3601906,1.3541,9.360000000000001,0.8999999999999999
107,-203.0938951556213,0.0015833333333333333,203.09231182228797,270.0,68.48718637047995,0.0,262.81094503199085,270.0,1,"{'load': 0, 'battery': 1}",1,0.0,2,0,0,0,0,"{'solar': 0, 'wind': 0, 'generator': 0}",285.0,0.0,10.08,0.6
108,-83.4423418779708,0.0,83.4423418779708,0.0,139.070569796618,0.0,139.070569796618,139.070569796618,0,"{'load': 1, 'battery': 1}",0,0.0,0,0,0,0,0,"{'solar': 1, 'wind': 0, 'generator': 0}",285.0,0.0,25.236,0.6
109,-335.54825289185703,3.96964238571358,331.57861050614343,270.0,282.6310175102391,0.0,282.6310175102391,282.6310175102391,0,"{'load': 1, 'battery': 0}",0,26.463248,1,0,0,0,0,"{'solar': 1, 'wind': 0, 'generator': 0}",285.0,94.5116,22.176000000000002,0.6
110,-354.43016289023416,33.71202233333334,320.71814055690083,270.0,264.53023426150133,0.0,233.46496135159077,494.73626,1,"{'load': 1, 'battery': 1}",1,224.73626000000002,0,0,0,0,0,"{'solar': 1, 'wind': 0, 'generator': 0}",285.0,802.6295,2.9160000000000004,0.6
111,-174.32357196819845,0.0,174.32357196819845,0.0,290.5392866136641,0.0,290.5392866136641,290.5392866136641,0,"{'load': 1, 'battery': 1}",0,0.0,0,0,0,0,0,"{'solar': 0, 'wind': 0, 'generator': 0}",285.0,613.5686,10.296,0.6
112,-409.0432158361071,0.22808093333333335,409.11713170277375,270.0,184.57459078085975,0.30199680000000007,454.57459078085975,454.57459078085975,1,"{'load': 1, 'battery': 1}",1,1.5099840000000002,2,0,0,0,0,"{'solar': 1, 'wind': 0, 'generator': 0}",285.0,5.3928,26.676000000000002,0.8999999999999999
113,-116.40065213503162,0.0001932,116.40071653503162,0.0,194.0011942250527,0.00025760000000000003,194.0011942250527,194.0011942250527,0,"{'load': 1, 'battery': 1}",0,0.001288,2,0,0,0,0,"{'solar': 1, 'wind': 0, 'generator': 0}",285.0,0.0046,17.424,0.6
114,-84.64628577771673,0.0021755999999999998,84.64701097771673,0.0,141.0783516295279,0.0029008000000000003,141.0783516295279,141.0783516295279,0,"{'load': 1, 'battery': 1}",0,0.014504,2,0,0,0,0,"{'solar': 1, 'wind': 0, 'generator': 0}",285.0,0.0518,16.344,0.6
115,-599.6222266373136,10.122784117534877,289.49944251977865,205.89918699999998,276.5998838662978,0.0,258.43311425331586,0.0,0,"{'load': 0, 'battery': 1}",0,67.47454,1,0,0,0,0,"{'solar': 1, 'wind': 0, 'generator': 0}",285.0,240.9805,3.3120000000000003,0.6
116,-544.838739121413,37.82076913193704,507.01796998947594,0.0,266.85156315235577,0.0,266.85156315235577,266.85156315235577,0,"{'load': 1, 'battery': 1}",0,252.12860400000002,1,0,0,0,0,"{'solar': 1, 'wind': 0, 'generator': 0}",285.0,900.4593,19.188000000000002,1.9
117,-1448.9473284409012,0.0,1148.9473284409012,0.0,328.2706652688289,0.0,373.1345786661956,0.0,0,"{'load': 0, 'battery': 1}",0,0.0,1,0,0,0,0,"{'solar': 0, 'wind': 0, 'generator': 0}",285.0,796.3417,8.424,3.5
118,-916.0012156962929,1.062897751991358,914.9383179443015,0.0,481.5464831285798,0.0,481.5464831285798,481.5464831285798,0,"{'load': 1, 'battery': 1}",0,7.085708,1,0,0,0,0,"{'solar': 1, 'wind': 0, 'generator': 0}",285.0,25.3061,16.848,1.9
119,-293.392607006592,0.0015833333333333333,293.3910236732587,270.0,218.98503945543123,0.0,218.98503945543123,218.98503945543123,0,"{'load': 1, 'battery': 1}",0,0.0,2,0,0,0,0,"{'solar': 0, 'wind': 0, 'generator': 0}",285.0,0.0641,4.464,0.6
120,-111.8552737524405,0.003343330701234568,111.85193042173925,0.0,186.4198840362321,0.0,153.8561076533169,270.0,1,"{'load': 1, 'battery': 0}",1,0.022288000000000002,1,0,0,0,0,"{'solar': 1, 'wind': 0, 'generator': 0}",15.0211736,0.0796,4.392,0.6
121,-549.1896379969547,0.0,249.18963799695473,259.3518072,155.9642561282579,0.0,271.68704069487984,270.0,1,"{'load': 0, 'battery': 0}",1,0.0,2,0,0,0,0,"{'solar': 0, 'wind': 0, 'generator': 0}",15.0,104.3477,3.8160000000000003,0.6
122,-860.1513160244049,0.0,560.1513160244049,0.0,294.81648211810784,0.0,310.4832217718432,0.0,0,"{'load': 0, 'battery': 1}",0,0.0,1,0,0,0,0,"{'solar': 0, 'wind': 0, 'generator': 0}",285.0,950.5725,6.3,1.9
123,-462.0136559921886,31.801967400000002,172.6143117921886,0.0,49.31837479776817,42.40262320000001,441.6242595609512,0.0,0,"{'load': 0, 'battery': 1}",0,212.01311600000002,2,0,0,0,0,"{'solar': 1, 'wind': 0, 'generator': 0}",285.0,757.1897,7.272,3.5
124,-927.2956495581608,2.6821713731556787,924.6134781850051,253.0229756,233.61569712895005,0.0,503.61569712895005,503.61569712895005,1,"{'load': 1, 'battery': 1}",1,17.870552,1,0,0,0,0,"{'solar': 1, 'wind': 0, 'generator': 0}",285.0,63.8234,6.372,1.9
125,-144.50619776714902,0.0056153999999999996,144.50806956714902,0.0,240.84678261191505,0.007487199999999999,240.84678261191505,240.84678261191505,0,"{'load': 1, 'battery': 1}",0,0.037436,2,0,0,0,0,"{'solar': 1, 'wind': 0, 'generator': 0}",285.0,0.1337,11.124,0.6
126,-96.75428250149098,0.0,96.75428250149098,0.0,161.25713750248497,0.0,155.93811134293293,270.0,1,"{'load': 1, 'battery': 0}",1,0.0,2,0,0,0,0,"{'solar': 1, 'wind': 0, 'generator': 0}",15.0,0.0,24.984,0.6
127,-155.2690873922004,2.9012312013582098,152.3678561908422,251.6355994,2.3108275847370123,0.0,272.310827584737,272.310827584737,1,"{'load': 1, 'battery': 1}",1,19.330948,1,0,0,0,0,"{'solar': 1, 'wind': 0, 'generator': 0}",285.0,69.0391,5.04,0.6
128,-660.3177670090404,0.0,660.3177670090404,0.0,347.53566684686336,0.0,347.53566684686336,347.53566684686336,0,"{'load': 1, 'battery': 1}",0,0.0,0,0,0,0,0,"{'solar': 0, 'wind': 0, 'generator': 0}",285.0,732.0376,4.464,1.9
129,-1806.3558952732553,0.0015833333333333333,1806.354311939922,270.0,246.10123198283486,0.0,516.1012319828349,516.1012319828349,1,"{'load': 1, 'battery': 1}",1,0.0,1,0,0,0,0,"{'solar': 0, 'wind': 0, 'generator': 0}",285.0,777.2359,13.716000000000001,3.5
130,-1592.5519880271756,2.4219342,1593.3592994271758,270.0,568.6101575932504,3.2292456000000005,568.6101575932504,568.6101575932504,0,"{'load': 1, 'battery': 0}",0,16.146228,2,0,0,0,0,"{'solar': 1, 'wind': 0, 'generator': 0}",285.0,57.6651,6.12,1.9
131,-168.66157618532765,0.0013944,168.66018178532764,0.0,281.1003029755461,0.0,281.1095989755461,281.1095989755461,0,"{'load': 1, 'battery': 1}",0,0.009296,0,0,0,0,0,"{'solar': 1, 'wind': 0, 'generator': 0}",285.0,0.0332,5.508,0.6
132,-421.5294858634104,0.0,121.52948586341037,0.0,202.54914310568395,0.0,181.42038886005312,0.0,0,"{'load': 0, 'battery': 1}",0,0.0,1,0,0,0,0,"{'solar': 0, 'wind': 0, 'generator': 0}",285.0,0.0602,11.735999999999999,0.6
133,-178.9534485623514,0.0,178.9534485623514,0.0,298.255747603919,0.0,298.255747603919,298.255747603919,0,"{'load': 1, 'battery': 1}",0,0.0,0,0,0,0,0,"{'solar': 0, 'wind': 0, 'generator': 0}",285.0,235.5453,2.16,0.6
134,-1534.5696448158076,0.0,1234.5696448158076,270.0,379.77349727147765,0.0,399.50848507987047,0.0,0,"{'load': 0, 'battery': 0}",0,0.0,2,0,0,0,0,"{'solar': 0, 'wind': 0, 'generator': 0}",285.0,420.6074,7.416,1.9
135,-2087.041197177988,32.8089384,2054.232258777988,270.0,316.92350250799666,0.0,535.6497585079967,535.6497585079967,1,"{'load': 1, 'battery': 0}",1,218.72625600000003,0,0,0,0,0,"{'solar': 1, 'wind': 0, 'generator': 0}",15.0,781.1652,16.128000000000004,3.5
136,-1994.3903745716063,1.6123842331333331,1692.777990338473,270.0,620.9357843886701,0.0,587.8806389975497,270.0,1,"{'load': 0, 'battery': 0}",1,10.748807999999999,1,0,0,0,0,"{'solar': 1, 'wind': 0, 'generator': 0}",25.211367599999996,38.3886,23.040000000000003,1.9
137,-168.03684561532654,0.0037967999999999995,168.03811121532655,270.0,10.063518692210948,0.0050624,280.06351869221095,280.06351869221095,1,"{'load': 1, 'battery': 0}",1,0.025311999999999998,2,0,0,0,0,"{'solar': 1, 'wind': 0, 'generator': 0}",15.0,0.0904,17.64,0.6
138,-269.93638156892996,0.0015833333333333333,269.93479823559665,270.0,179.8913303926611,0.0,179.8913303926611,179.8913303926611,0,"{'load': 1, 'battery': 1}",0,0.0,2,0,0,0,0,"{'solar': 0, 'wind': 0, 'generator': 0}",285.0,0.0471,1.836,0.6
139,-304.0404654580974,0.0,304.0404654580974,270.0,236.73410909682903,0.0,219.27660538665467,270.0,1,"{'load': 0, 'battery': 0}",1,0.0,1,0,0,0,0,"{'solar': 0, 'wind': 0, 'generator': 0}",15.0,110.1066,13.356,0.6
140,-582.2429796304094,35.705566442060494,546.537413188349,0.0,287.65127009913107,0.0,287.65127009913107,287.65127009913107,0,"{'load': 1, 'battery': 0}",0,238.027804,1,0,0,0,0,"{'solar': 1, 'wind': 0, 'generator': 0}",285.0,850.0993,5.688000000000001,1.9
141,-876.9793744991531,29.7255882,886.8879038991531,0.0,253.3965439711866,39.6341176,523.3965439711866,523.3965439711866,1,"{'load': 1, 'battery': 0}",1,198.170588,2,0,0,0,0,"{'solar': 1, 'wind': 0, 'generator': 0}",15.0,707.7521,26.136,3.5
142,-1333.8378917976527,0.3821537333333333,1033.9631652643193,270.0,274.1911396127997,0.5074272,591.5016363042297,0.0,1,"{'load': 0, 'battery': 1}",1,2.537136,2,0,0,0,0,"{'solar': 1, 'wind': 0, 'generator': 0}",285.0,9.0612,16.92,1.9
143,-808.6226473990553,0.003561533333333333,508.61908586572196,270.0,577.69847644287,0.0,264.58908189904787,0.013188,0,"{'load': 0, 'battery': 1}",0,0.013188,0,0,0,0,0,"{'solar': 1, 'wind': 0, 'generator': 0}",285.0,0.0471,10.692,0.6
144,-104.78094359968132,0.0011340443333333334,104.779809555348,0.0,174.63301592558,0.0,174.63301592558,174.63301592558,0,"{'load': 1, 'battery': 1}",0,0.00756,1,0,0,0,0,"{'solar': 1, 'wind': 0, 'generator': 0}",285.0,0.027,12.816,0.6
145,-488.62200648323585,0.0,188.62200648323582,270.0,44.370010805393065,0.0,302.7829381517207,270.0,1,"{'load': 0, 'battery': 0}",1,0.0,0,0,0,0,0,"{'solar': 0, 'wind': 0, 'generator': 0}",15.0,137.1789,1.836,0.6
146,-861.3763636680079,0.0,861.3763636680079,92.267179,361.0888018778989,0.0,361.0888018778989,361.0888018778989,0,"{'load': 1, 'battery': 0}",0,0.0,2,0,0,0,0,"{'solar': 0, 'wind': 0, 'generator': 0}",285.0,783.4714,7.704000000000001,1.9
147,-1622.2147474124179,0.0,1622.2147474124179,270.0,193.4899278321194,0.0,463.4899278321194,463.4899278321194,1,"{'load': 1, 'battery': 0}",1,0.0,2,0,0,0,0,"{'solar': 0, 'wind': 0, 'generator': 0}",15.0,613.9426,5.688000000000001,3.5
148,-1385.4241480839987,0.009340799999999998,1385.4148072839987,153.2128596,575.9528284442099,0.0,576.0151004442099,576.0151004442099,1,"{'load': 1, 'battery': 0}",1,0.062271999999999994,0,0,0,0,0,"{'solar': 1, 'wind': 0, 'generator': 0}",15.0,0.2224,10.836,1.9
149,-131.55605946797465,0.0,131.55605946797465,0.0,219.2600991132911,0.0,219.2600991132911,219.2600991132911,0,"{'load': 1, 'battery': 1}",0,0.0,0,0,0,0,0,"{'solar': 0, 'wind': 0, 'generator': 0}",285.0,0.0456,4.032000000000001,0.6
150,-248.5216395607488,0.0,248.5216395607488,270.0,144.20273260124807,0.0,144.20273260124807,144.20273260124807,0,"{'load': 1, 'battery': 0}",0,0.0,2,0,0,0,0,"{'solar': 0, 'wind': 0, 'generator': 0}",285.0,0.0788,18.791999999999998,0.6
151,-353.09097793513314,0.0015833333333333333,353.0893946017998,270.0,318.4823243363331,0.0,318.4823243363331,318.4823243363331,0,"{'load': 1, 'battery': 1}",0,0.0,1,0,0,0,0,"{'solar': 0, 'wind': 0, 'generator': 0}",285.0,74.5816,6.8759999999999994,0.6
152,-103.36614312244932,29.5995787893842,73.76656433306512,82.54639519999998,40.39787868844189,0.0,310.3978786884419,310.3978786884419,1,"{'load': 1, 'battery': 1}",1,197.31958400000002,1,0,0,0,0,"{'solar': 1, 'wind': 0, 'generator': 0}",285.0,704.7128,5.184,0.6
153,-391.61057487840094,20.5567782,98.46283427840093,0.0,164.10472379733488,27.4090376,381.2729344060001,0.0,0,"{'load': 0, 'battery': 1}",0,137.045188,2,0,0,0,0,"{'solar': 1, 'wind': 0, 'generator': 0}",285.0,489.4471,10.404,0.6
154,-455.78001605252376,0.0,455.78001605252376,0.0,506.42224005835976,0.0,506.42224005835976,506.42224005835976,0,"{'load': 1, 'battery': 1}",0,0.0,0,0,0,0,0,"{'solar': 0, 'wind': 0, 'generator': 0}",285.0,0.0394,9.288,0.8999999999999999
155,-115.87125006336184,0.0,115.87125006336184,0.0,193.11875010560308,0.0,193.11875010560308,193.11875010560308,0,"{'load': 1, 'battery': 1}",0,0.0,0,0,0,0,0,"{'solar': 0, 'wind': 0, 'generator': 0}",285.0,0.0464,12.78,0.6
156,-332.4083366381338,0.004502339039197532,332.40383429909457,269.981513,284.024877498491,0.0,139.6513190346099,270.0,1,"{'load': 0, 'battery': 1}",1,0.019460000000000005,1,0,0,0,0,"{'solar': 1, 'wind': 0, 'generator': 0}",285.0,0.0695,13.428,0.6
157,-171.27685132729002,1.4967203333333334,169.78013099395667,270.0,12.966884989927792,0.0,292.9344649899278,292.9344649899278,1,"{'load': 1, 'battery': 1}",1,9.967580000000002,0,0,0,0,0,"{'solar': 1, 'wind': 0, 'generator': 0}",285.0,35.5985,12.78,0.6
158,-80.68758644049235,26.9093748,53.77821164049235,0.0,89.63035273415392,0.0,269.0261847341539,269.0261847341539,0,"{'load': 1, 'battery': 1}",0,179.39583199999998,0,0,0,0,0,"{'solar': 1, 'wind': 0, 'generator': 0}",285.0,640.6994,5.652,0.6
159,-347.49141912574856,0.0,47.491419125748585,0.0,79.15236520958098,0.0,280.122455774621,0.0,0,"{'load': 0, 'battery': 0}",0,0.0,2,0,0,0,0,"{'solar': 0, 'wind': 0, 'generator': 0}",285.0,419.999,56.268,0.6
160,-452.10025023349607,0.0013608531999999998,452.09888938029604,0.0,502.3320993114401,0.0,502.3320993114401,502.3320993114401,0,"{'load': 1, 'battery': 1}",0,0.009072,1,0,0,0,0,"{'solar': 1, 'wind': 0, 'generator': 0}",285.0,0.0324,20.52,0.8999999999999999
161,-510.43992636717024,0.0,210.43992636717024,270.0,80.73321061195043,0.0,267.6856900292369,0.0,0,"{'load': 0, 'battery': 0}",0,0.0,2,0,0,0,0,"{'solar': 0, 'wind': 0, 'generator': 0}",15.0,0.0896,16.308,0.6
162,-241.85463454009317,0.0,241.85463454009317,270.0,133.091057566822,0.0,133.091057566822,133.091057566822,0,"{'load': 1, 'battery': 0}",0,0.0,1,0,0,0,0,"{'solar': 0, 'wind': 0, 'generator': 0}",15.0197372,0.1182,29.628000000000004,0.6
163,-436.80425191216693,0.0,136.8042519121669,0.0,228.00708652027816,0.0,295.12872126649575,0.0,0,"{'load': 0, 'battery': 0}",0,0.0,2,0,0,0,0,"{'solar': 0, 'wind': 0, 'generator': 0}",285.0,6.1574,26.82,0.6
164,-311.03443248795037,0.0015833333333333333,311.03284915461705,270.0,248.3880819243618,0.0,248.3880819243618,248.3880819243618,1,"{'load': 1, 'battery': 1}",1,0.0,2,0,0,0,0,"{'solar': 0, 'wind': 0, 'generator': 0}",285.0,545.0049,49.14,0.6
165,-314.2370915314937,0.0015341629049382714,314.2355573685888,261.615148,262.110780947648,0.0,262.110780947648,262.110780947648,0,"{'load': 1, 'battery': 1}",0,0.0,0,0,0,0,0,"{'solar': 0, 'wind': 0, 'generator': 0}",285.0,27.2516,9.0,0.6
166,-471.62071099465066,0.0024905333333333337,471.6194300613173,270.0,254.02158895701928,0.0012096000000000003,524.0215889570193,524.0215889570193,1,"{'load': 1, 'battery': 1}",1,0.006048000000000001,2,0,0,0,0,"{'solar': 1, 'wind': 0, 'generator': 0}",285.0,0.0216,15.192,0.8999999999999999
167,-187.67860880005787,0.0015833333333333333,187.67702546672453,270.0,42.79504244454091,0.0,312.7950424445409,312.7950424445409,1,"{'load': 1, 'battery': 1}",1,0.0,1,0,0,0,0,"{'solar': 0, 'wind': 0, 'generator': 0}",285.0,0.0572,5.9399999999999995,0.6
168,-301.4614343942562,0.0015833333333333333,301.45985106092286,270.0,232.43308510153813,0.0,232.46003090153812,232.46003090153812,1,"{'load': 1, 'battery': 1}",1,0.0,0,0,0,0,0,"{'solar': 0, 'wind': 0, 'generator': 0}",285.0,0.1291,6.984,0.6
169,-109.24188048072362,0.0,109.24188048072362,0.0,182.06980080120604,0.0,452.06980080120604,452.06980080120604,1,"{'load': 1, 'battery': 0}",1,0.0,2,0,0,0,0,"{'solar': 0, 'wind': 0, 'generator': 0}",15.0,29.0012,7.164,0.6
170,-534.0416158239185,20.874740458772845,213.16687536514564,270.0,85.27812560857609,0.0,316.27782793144,0.0,0,"{'load': 0, 'battery': 0}",0,139.15949600000002,1,0,0,0,0,"{'solar': 1, 'wind': 0, 'generator': 0}",285.0,496.9982,11.592,0.6
171,-99.88841335322142,16.152108000000002,83.73630535322143,0.0,139.56050892203572,0.0,247.24122892203573,247.24122892203573,0,"{'load': 1, 'battery': 1}",0,107.68072000000001,0,0,0,0,0,"{'solar': 1, 'wind': 0, 'generator': 0}",285.0,384.574,7.056,0.6
172,-498.9104758272898,0.0033347367568518525,498.90714109053295,269.9889078,284.35236007837,0.0,554.35236007837,554.35236007837,1,"{'load': 1, 'battery': 1}",1,0.011676000000000002,1,0,0,0,0,"{'solar': 1, 'wind': 0, 'generator': 0}",285.0,0.0417,27.864,0.8999999999999999
173,-201.48661318759102,0.004153800000000001,201.487997787591,0.0,335.81332964598505,0.0055384000000000015,335.81332964598505,335.81332964598505,0,"{'load': 1, 'battery': 1}",0,0.027692000000000005,2,0,0,0,0,"{'solar': 1, 'wind': 0, 'generator': 0}",285.0,0.0989,25.452,0.6
174,-362.7327296906661,0.0015582000000000003,362.7332490906661,269.9839602,334.5714549511102,0.0020776,269.6577930002401,270.0,1,"{'load': 1, 'battery': 0}",1,0.010388000000000001,2,0,0,0,0,"{'solar': 1, 'wind': 0, 'generator': 0}",15.0,0.0371,17.64,0.6
175,-302.08935918931587,0.03673883623580247,302.05262035308004,0.0,503.4210339218001,0.0,503.4210339218001,503.4210339218001,0,"{'load': 1, 'battery': 1}",0,0.24491600000000005,1,0,0,0,0,"{'solar': 1, 'wind': 0, 'generator': 0}",285.0,0.8747,19.152,0.6
176,-211.5034221810023,11.963242133333333,215.48905844766898,270.0,89.14843074611497,15.948878400000002,359.14843074611497,359.14843074611497,1,"{'load': 1, 'battery': 1}",1,79.744392,2,0,0,0,0,"{'solar': 1, 'wind': 0, 'generator': 0}",285.0,284.8014,18.720000000000002,0.6
177,-171.90413875671348,0.0,171.90413875671348,0.0,286.5068979278558,0.0,286.5068979278558,286.5068979278558,0,"{'load': 1, 'battery': 0}",0,0.0,0,0,0,0,0,"{'solar': 0, 'wind': 0, 'generator': 0}",285.0,281.2727,34.632,0.6
178,-773.3328094433568,0.0024611333333333335,473.33034831002357,270.0,255.9226092333596,0.0,515.5671144778204,0.005852,1,"{'load': 0, 'battery': 1}",1,0.005852,0,0,0,0,0,"{'solar': 1, 'wind': 0, 'generator': 0}",285.0,0.0209,27.828000000000003,0.8999999999999999
179,-354.5680369586974,0.003561533333333333,354.5644754253641,270.0,320.9407923756069,0.0,320.95398037560693,320.95398037560693,0,"{'load': 1, 'battery': 1}",0,0.013188,0,0,0,0,0,"{'solar': 1, 'wind': 0, 'generator': 0}",285.0,0.0471,19.8,0.6
180,-189.45891343559992,0.0015833333333333333,189.45733010226658,270.0,45.762216837111,0.0,315.762216837111,315.762216837111,1,"{'load': 1, 'battery': 1}",1,0.0,1,0,0,0,0,"{'solar': 0, 'wind': 0, 'generator': 0}",285.0,0.0549,19.008000000000003,0.6
181,-259.3214327232733,0.0,259.3214327232733,0.0,432.2023878721222,0.0,432.2023878721222,432.2023878721222,0,"{'load': 1, 'battery': 1}",0,0.0,2,0,0,0,0,"{'solar': 0, 'wind': 0, 'generator': 0}",285.0,2.3555,29.376,0.6
182,-319.99932181784453,0.0,319.99932181784453,270.0,263.3322030297408,0.0,341.4586108297408,341.4586108297408,1,"{'load': 1, 'battery': 0}",1,0.0,0,0,0,0,0,"{'solar': 0, 'wind': 0, 'generator': 0}",15.0,427.0419,4.032000000000001,0.6
183,-299.85891978122703,0.0,299.85891978122703,270.0,229.7648663020451,0.0,268.0749597969631,270.0,1,"{'load': 1, 'battery': 0}",1,0.0,1,0,0,0,0,"{'solar': 0, 'wind': 0, 'generator': 0}",15.0,53.1649,36.576,0.6
184,-456.5674219124861,0.0018480722469135804,456.5655738402392,0.0,507.2950820447103,0.0,507.2950820447103,507.2950820447103,0,"{'load': 1, 'battery': 0}",0,0.012320000000000001,1,0,0,0,0,"{'solar': 1, 'wind': 0, 'generator': 0}",285.0,0.044,19.908,0.8999999999999999
185,-570.1593112741382,0.001071,270.15824027413817,0.0,450.26373379023033,0.0,291.82904565165313,270.00714,1,"{'load': 0, 'battery': 0}",1,0.00714,0,0,0,0,0,"{'solar': 1, 'wind': 0, 'generator': 0}",15.0,0.0255,15.984000000000002,0.6
186,-280.7011251584203,0.0056741413297530865,280.6954510170906,269.9740916,197.85166009515098,0.0,203.36507238731303,270.0,1,"{'load': 0, 'battery': 1}",1,0.027272000000000005,1,0,0,0,0,"{'solar': 1, 'wind': 0, 'generator': 0}",285.0,0.0974,10.476,0.6
187,-644.8443037491244,0.3417463599320988,344.50255738919225,270.0,304.1709289819871,0.0,345.150080053664,270.0,1,"{'load': 0, 'battery': 0}",1,2.27822,1,0,0,0,0,"{'solar': 1, 'wind': 0, 'generator': 0}",17.164309,8.1365,9.684,0.6
188,-162.86578623464982,31.8546606,131.01112563464983,104.01506900000001,114.33680705774972,0.0,326.70121105774973,326.70121105774973,0,"{'load': 1, 'battery': 0}",0,212.364404,0,0,0,0,0,"{'solar': 1, 'wind': 0, 'generator': 0}",285.0,758.4443,6.228,0.6
189,-588.2034011847857,27.108475800000004,297.2395597847857,270.0,225.39926630797612,36.14463440000001,236.19967900116978,0.0,0,"{'load': 0, 'battery': 0}",0,180.72317200000003,2,0,0,0,0,"{'solar': 1, 'wind': 0, 'generator': 0}",285.0,645.4399,5.076,0.6
190,-658.6270676443613,0.0015833333333333333,658.625484311028,270.0,461.8060936789201,0.0,461.8060936789201,461.8060936789201,0,"{'load': 1, 'battery': 1}",0,0.0,2,0,0,0,0,"{'solar': 0, 'wind': 0, 'generator': 0}",285.0,1.004,5.256,0.8999999999999999
191,-325.909700651235,0.0,325.909700651235,270.0,273.18283441872507,0.0,273.18283441872507,273.18283441872507,0,"{'load': 1, 'battery': 0}",0,0.0,0,0,0,0,0,"{'solar': 0, 'wind': 0, 'generator': 0}",285.0,0.0178,10.512,0.6
192,-264.41233703821916,0.0015833333333333333,264.41075370488585,270.0,170.68458950814303,0.0,172.5183357346219,270.0,1,"{'load': 0, 'battery': 1}",1,0.0,0,0,0,0,0,"{'solar': 0, 'wind': 0, 'generator': 0}",285.0,0.0742,9.972,0.6
193,-344.9831992937339,0.0,344.9831992937339,270.0,304.9719988228898,0.0,304.9719988228898,304.9719988228898,0,"{'load': 1, 'battery': 0}",0,0.0,2,0,0,0,0,"{'solar': 0, 'wind': 0, 'generator': 0}",285.0,93.6722,1.476,0.6
194,-172.27738059894017,35.66221234721358,136.61516825172657,0.0,227.69194708621094,0.0,227.69194708621094,227.69194708621094,0,"{'load': 1, 'battery': 0}",0,237.738788,1,0,0,0,0,"{'solar': 1, 'wind': 0, 'generator': 0}",285.0,849.0671,24.66,0.6
195,-465.00852718438364,30.920185800000002,134.08834138438363,0.0,223.4805689739727,0.0,276.68800372127515,206.13457200000002,0,"{'load': 0, 'battery': 0}",0,206.13457200000002,0,0,0,0,0,"{'solar': 1, 'wind': 0, 'generator': 0}",285.0,736.1949,4.86,0.6
196,-396.0285487270197,0.0,396.0285487270197,0.0,440.03172080779973,0.0,440.03172080779973,440.03172080779973,0,"{'load': 1, 'battery': 1}",0,0.0,2,0,0,0,0,"{'solar': 0, 'wind': 0, 'generator': 0}",285.0,4.039,2.736,0.8999999999999999
197,-113.73254152002183,0.0,113.73254152002183,0.0,189.55423586670304,0.0,189.55423586670304,189.55423586670304,0,"{'load': 1, 'battery': 0}",0,0.0,0,0,0,0,0,"{'solar': 0, 'wind': 0, 'generator': 0}",285.0,0.0,15.3,0.6
198,-258.09947838273416,0.007790999999999999,258.09168738273416,270.0,160.15281230455696,0.0,141.30044696185107,270.05194,1,"{'load': 1, 'battery': 0}",1,0.05194,0,0,0,0,0,"{'solar': 1, 'wind': 0, 'generator': 0}",15.0,0.1855,15.120000000000001,0.6
199,-333.7259202374592,0.0,333.7259202374592,270.0,286.20986706243207,0.0,266.1583925222267,270.0,1,"{'load': 1, 'battery': 0}",1,0.0,1,0,0,0,0,"{'solar': 0, 'wind': 0, 'generator': 0}",15.0,199.4841,4.212,0.6
200,-149.80253351084878,0.0,149.80253351084878,0.0,249.67088918474795,0.0,249.67088918474795,249.67088918474795,0,"{'load': 1, 'battery': 0}",0,0.0,1,0,0,0,0,"{'solar': 0, 'wind': 0, 'generator': 0}",285.0,909.5564,9.792000000000002,0.6
201,-1126.4907333524477,0.0015833333333333333,1126.4891500191143,270.0,51.85404286260405,0.0,321.85404286260405,321.85404286260405,1,"{'load': 1, 'battery': 1}",1,0.0,0,0,0,0,0,"{'solar': 0, 'wind': 0, 'generator': 0}",285.0,785.0878,13.428,3.5
202,-973.0311293562736,1.1822454,671.8488839562735,0.0,353.60467576645976,0.0,479.3364729396502,7.881636,1,"{'load': 0, 'battery': 0}",1,7.881636,0,0,0,0,0,"{'solar': 1, 'wind': 0, 'generator': 0}",15.0,28.1487,22.356,1.9
203,-283.0441858433699,0.0,283.0441858433699,270.0,201.74030973894992,0.0,211.48463343215215,270.0,1,"{'load': 1, 'battery': 0}",1,0.0,2,0,0,0,0,"{'solar': 0, 'wind': 0, 'generator': 0}",15.0,0.0,3.6,0.6
204,-87.5209782182934,0.0,87.5209782182934,0.0,145.868297030489,0.0,145.868297030489,145.868297030489,0,"{'load': 1, 'battery': 1}",0,0.0,0,0,0,0,0,"{'solar': 0, 'wind': 0, 'generator': 0}",285.0,0.061,4.680000000000001,0.6
205,-154.63617214075282,5.090038799999999,156.33285174075283,0.0,260.55475290125474,6.7867184,260.55475290125474,260.55475290125474,0,"{'load': 1, 'battery': 1}",0,33.933592,2,0,0,0,0,"{'solar': 1, 'wind': 0, 'generator': 0}",285.0,121.1914,17.532,0.6
206,-560.7901961723445,0.0,560.7901961723445,0.0,295.15273482754975,0.0,295.15273482754975,295.15273482754975,0,"{'load': 1, 'battery': 1}",0,0.0,1,0,0,0,0,"{'solar': 0, 'wind': 0, 'generator': 0}",285.0,919.8978,18.791999999999998,1.9
207,-1358.0282440521125,31.2206538,1026.8075902521125,0.0,293.3735972148893,0.0,338.40564982352504,208.13769200000002,0,"{'load': 0, 'battery': 1}",0,208.13769200000002,0,0,0,0,0,"{'solar': 1, 'wind': 0, 'generator': 0}",285.0,743.3489,28.116,3.5
208,-1464.0494587694661,2.7091512,1461.3403075694662,270.0,499.1264776681402,0.0,517.1874856681402,517.1874856681402,0,"{'load': 1, 'battery': 0}",0,18.061008,0,0,0,0,0,"{'solar': 1, 'wind': 0, 'generator': 0}",15.0,64.5036,5.436,1.9
209,-265.85479892564524,0.00032341264320987656,265.85447551300206,0.0,443.0907925216701,0.0,243.06414565657295,270.0,1,"{'load': 1, 'battery': 0}",1,0.002156,1,0,0,0,0,"{'solar': 1, 'wind': 0, 'generator': 0}",15.0020482,0.0077,14.652000000000001,0.6
210,-253.2095017026984,0.0,253.2095017026984,269.968346,152.047490171164,0.0,152.047490171164,152.047490171164,0,"{'load': 1, 'battery': 0}",0,0.0,2,0,0,0,0,"{'solar': 0, 'wind': 0, 'generator': 0}",285.0,0.129,8.784,0.6
211,-322.2544038371441,9.540350333333333,325.4324095038108,270.0,272.38734917301804,12.718356,272.38734917301804,272.38734917301804,0,"{'load': 1, 'battery': 1}",0,63.59178,2,0,0,0,0,"{'solar': 1, 'wind': 0, 'generator': 0}",285.0,227.1135,21.6,0.6
212,-665.1167577275141,0.0,665.1167577275141,0.0,350.0614514355338,0.0,350.0614514355338,350.0614514355338,0,"{'load': 1, 'battery': 1}",0,0.0,1,0,0,0,0,"{'solar': 0, 'wind': 0, 'generator': 0}",285.0,922.4624,4.680000000000001,1.9
213,-667.4439046385144,0.0,667.4439046385144,0.0,190.69825846814695,0.0,460.69825846814695,460.69825846814695,1,"{'load': 1, 'battery': 0}",1,0.0,1,0,0,0,0,"{'solar': 0, 'wind': 0, 'generator': 0}",15.0,793.2121,23.076,3.5
214,-1050.6512129637176,2.3611097333333335,1051.4361384303843,270.0,283.3874412791497,3.1460352000000005,553.3874412791497,553.3874412791497,1,"{'load': 1, 'battery': 1}",1,15.730176000000002,2,0,0,0,0,"{'solar': 1, 'wind': 0, 'generator': 0}",285.0,56.1792,7.272,1.9
215,-152.07863319189715,0.0,152.07863319189715,0.0,253.46438865316193,0.0,253.46438865316193,253.46438865316193,0,"{'load': 1, 'battery': 1}",0,0.0,2,0,0,0,0,"{'solar': 0, 'wind': 0, 'generator': 0}",285.0,0.0857,2.592,0.6
216,-105.28275416350095,0.0,105.28275416350095,0.0,175.47125693916826,0.0,175.47125693916826,175.47125693916826,0,"{'load': 1, 'battery': 0}",0,0.0,1,0,0,0,0,"{'solar': 0, 'wind': 0, 'generator': 0}",15.0,0.0548,11.16,0.6
217,-640.9737189791524,3.1775623415106176,337.79615663764184,249.8855056,313.1080887960698,0.0,306.6696018885769,270.0,1,"{'load': 0, 'battery': 1}",1,21.173152,1,0,0,0,0,"{'solar': 1, 'wind': 0, 'generator': 0}",285.0,75.6184,13.536,0.6
218,-1255.1279043025877,0.0,1255.1279043025877,270.0,390.5936338434673,0.0,390.5936338434673,390.5936338434673,0,"{'load': 1, 'battery': 0}",0,0.0,1,0,0,0,0,"{'solar': 0, 'wind': 0, 'generator': 0}",15.0,911.8821,7.920000000000001,1.9
219,-2823.619724843916,33.54696233333333,2534.7999345105827,270.0,454.22855271730936,44.727171999999996,548.2338249746322,0.0,0,"{'load': 0, 'battery': 1}",0,223.63585999999998,2,0,0,0,0,"{'solar': 1, 'wind': 0, 'generator': 0}",285.0,798.6995,12.276000000000002,3.5
220,-1626.1704716319502,0.0015833333333333333,1626.1688882986168,270.0,585.87836226243,0.0,585.87836226243,585.87836226243,0,"{'load': 1, 'battery': 1}",0,0.0,0,0,0,0,0,"{'solar': 0, 'wind': 0, 'generator': 0}",285.0,37.5277,11.879999999999999,1.9
221,-164.3904927619056,0.0015833333333333333,164.38890942857225,270.0,3.9815157142870703,0.0,273.98151571428707,273.98151571428707,1,"{'load': 1, 'battery': 1}",1,0.0,2,0,0,0,0,"{'solar': 0, 'wind': 0, 'generator': 0}",285.0,0.0216,9.936,0.6
222,-107.60745151102242,0.001558260917283951,107.60589325010514,0.0,179.3431554168419,0.0,179.3431554168419,179.3431554168419,0,"{'load': 1, 'battery': 1}",0,0.010388000000000001,1,0,0,0,0,"{'solar': 1, 'wind': 0, 'generator': 0}",285.0,0.0371,7.2,0.6
223,-180.18558614320983,0.0,180.18558614320983,269.9307602,30.378550038683045,0.0,300.37855003868304,300.37855003868304,1,"{'load': 1, 'battery': 0}",1,0.0,2,0,0,0,0,"{'solar': 0, 'wind': 0, 'generator': 0}",15.0,194.0165,1.8,0.6
224,-552.6699918755351,36.5700342,216.09995767553505,0.0,113.73681982922898,0.0,403.97760976235327,243.800228,0,"{'load': 0, 'battery': 0}",0,243.800228,0,0,0,0,0,"{'solar': 1, 'wind': 0, 'generator': 0}",15.0,870.7151,6.48,1.9
225,-2781.825386678865,0.0,2481.825386678865,270.0,439.0929676225329,0.0,533.1819438169466,0.0,1,"{'load': 0, 'battery': 0}",1,0.0,0,0,0,0,0,"{'solar': 0, 'wind': 0, 'generator': 0}",15.0,698.0837,5.58,3.5
226,-1460.9344660011486,0.0,1460.9344660011486,270.0,498.9128768427098,0.0,498.9128768427098,498.9128768427098,0,"{'load': 1, 'battery': 0}",0,0.0,0,0,0,0,0,"{'solar': 0, 'wind': 0, 'generator': 0}",285.0,23.0817,16.56,1.9
227,-363.9314303436918,0.0024990976975308643,363.92893124599425,270.0,336.54821874332384,0.0,252.98459780122215,270.0,1,"{'load': 1, 'battery': 0}",1,0.01666,1,0,0,0,0,"{'solar': 1, 'wind': 0, 'generator': 0}",15.015827,0.0595,3.9600000000000004,0.6
228,-264.5158066813447,0.0,264.5158066813447,270.0,170.8596778022412,0.0,170.8596778022412,170.8596778022412,0,"{'load': 1, 'battery': 0}",0,0.0,2,0,0,0,0,"{'solar': 0, 'wind': 0, 'generator': 0}",285.0,0.0371,9.684,0.6
229,-490.025902419216,0.0,190.025902419216,0.0,316.70983736536004,0.0,313.742577519168,0.0,0,"{'load': 0, 'battery': 1}",0,0.0,1,0,0,0,0,"{'solar': 0, 'wind': 0, 'generator': 0}",285.0,168.1811,10.404,0.6
230,-1467.10518231047,0.0015833333333333333,1167.1035989771365,270.0,344.2650520932297,0.0,366.6804206408039,270.0,1,"{'load': 0, 'battery': 1}",1,0.0,2,0,0,0,0,"{'solar': 0, 'wind': 0, 'generator': 0}",285.0,820.9164,7.416,1.9
231,-1808.518692342333,0.0,1808.518692342333,0.0,516.7196263835237,0.0,516.7196263835237,516.7196263835237,0,"{'load': 1, 'battery': 1}",0,0.0,1,0,0,0,0,"{'solar': 0, 'wind': 0, 'generator': 0}",285.0,349.9799,25.2,3.5
232,-1111.3725497346682,0.0015833333333333333,1111.3709664013347,270.0,314.9320875796499,0.0,584.9320875796499,584.9320875796499,1,"{'load': 1, 'battery': 1}",1,0.0,1,0,0,0,0,"{'solar': 0, 'wind': 0, 'generator': 0}",285.0,0.961,24.840000000000003,1.9
233,-312.73974911099975,0.0023309347946913576,312.73741817620504,269.9952652,251.2337650936751,0.0,251.2337650936751,251.2337650936751,1,"{'load': 1, 'battery': 1}",1,0.004984,1,0,0,0,0,"{'solar': 1, 'wind': 0, 'generator': 0}",285.0,0.0178,11.16,0.6
234,-96.1540387182606,0.0021084,96.1519303182606,0.0,160.253217197101,0.0,160.26727319710102,160.26727319710102,0,"{'load': 1, 'battery': 1}",0,0.014056,0,0,0,0,0,"{'solar': 1, 'wind': 0, 'generator': 0}",285.0,0.0502,1.836,0.6
235,-174.72404824335044,0.0,174.72404824335044,0.0,291.2067470722507,0.0,291.2067470722507,291.2067470722507,0,"{'load': 1, 'battery': 1}",0,0.0,1,0,0,0,0,"{'solar': 0, 'wind': 0, 'generator': 0}",285.0,59.9242,24.084000000000003,0.6
236,-518.2906097991413,28.134930926394993,190.15567887274634,91.82248020000003,8.259456048813831,0.0,304.6528515850901,270.0,1,"{'load': 0, 'battery': 1}",1,187.55528399999997,1,0,0,0,0,"{'solar': 1, 'wind': 0, 'generator': 0}",285.0,669.8403,13.968,1.9
237,-110.21511245574175,24.508588117222224,85.70652433851953,0.0,142.8442072308659,0.0,412.8442072308659,412.8442072308659,1,"{'load': 1, 'battery': 0}",1,163.38420000000002,1,0,0,0,0,"{'solar': 1, 'wind': 0, 'generator': 0}",170.21499,583.515,5.472,0.6
238,-503.72952641142496,0.0007769999999999999,503.7297854114249,0.0,559.69976156825,0.001036,559.69976156825,559.69976156825,0,"{'load': 1, 'battery': 1}",0,0.00518,2,0,0,0,0,"{'solar': 1, 'wind': 0, 'generator': 0}",285.0,0.0185,4.572,0.8999999999999999
239,-124.39782009676384,0.0020454,124.39577469676384,0.0,207.32629116127308,0.0,207.33992716127307,207.33992716127307,0,"{'load': 1, 'battery': 1}",0,0.013636000000000002,0,0,0,0,0,"{'solar': 1, 'wind': 0, 'generator': 0}",285.0,0.0487,4.824000000000001,0.6
240,-247.26511679729322,0.003213125611111111,247.26190367168212,270.0,142.1031727861369,0.0,142.1031727861369,142.1031727861369,0,"{'load': 1, 'battery': 0}",0,0.02142,1,0,0,0,0,"{'solar': 1, 'wind': 0, 'generator': 0}",285.0,0.0765,15.3,0.6
241,-170.19950716211622,1.9783722000000001,168.22113496211622,0.0,280.3685582701937,0.0,293.5577062701937,293.5577062701937,0,"{'load': 1, 'battery': 1}",0,13.189148000000001,0,0,0,0,0,"{'solar': 1, 'wind': 0, 'generator': 0}",285.0,47.1041,1.836,0.6
242,-151.43051189972624,27.326670000000004,160.53940189972624,0.0,267.56566983287706,36.43556,267.56566983287706,267.56566983287706,0,"{'load': 1, 'battery': 1}",0,182.17780000000002,2,0,0,0,0,"{'solar': 1, 'wind': 0, 'generator': 0}",285.0,650.635,2.9160000000000004,0.6
243,-209.7107435689091,0.0015833333333333333,209.70916023557575,270.0,79.51526705929291,0.0,349.5152670592929,349.5152670592929,1,"{'load': 1, 'battery': 1}",1,0.0,0,0,0,0,0,"{'solar': 0, 'wind': 0, 'generator': 0}",285.0,439.3639,7.992000000000001,0.6
244,-451.87626700015755,0.002562100160493827,451.87370489999705,0.0,502.0818943333301,0.0,502.0818943333301,502.0818943333301,0,"{'load': 1, 'battery': 1}",0,0.017079999999999998,1,0,0,0,0,"{'solar': 1, 'wind': 0, 'generator': 0}",285.0,0.061,40.464,0.8999999999999999
245,-371.6309439143756,0.0015833333333333333,371.6293605810423,270.0,349.38226763507055,0.0,269.3251917276339,270.0,1,"{'load': 1, 'battery': 1}",1,0.0,1,0,0,0,0,"{'solar': 0, 'wind': 0, 'generator': 0}",285.0,0.0487,14.832,0.6
246,-243.16694809537324,0.0,243.16694809537324,270.0,135.2782468256221,0.0,135.2782468256221,135.2782468256221,1,"{'load': 1, 'battery': 0}",1,0.0,1,0,0,0,0,"{'solar': 0, 'wind': 0, 'generator': 0}",15.0,0.078,15.371999999999998,0.6
247,-177.4689606196686,0.0,177.4689606196686,0.0,295.781601032781,0.0,295.781601032781,295.781601032781,0,"{'load': 1, 'battery': 1}",0,0.0,0,0,0,0,0,"{'solar': 0, 'wind': 0, 'generator': 0}",285.0,5.7153,14.508000000000001,0.6
248,-144.8600157904847,24.8015376,153.12719499048472,0.0,255.2119916508079,33.0687168,255.2119916508079,255.2119916508079,0,"{'load': 1, 'battery': 1}",0,165.343584,2,0,0,0,0,"{'solar': 1, 'wind': 0, 'generator': 0}",285.0,590.5128,25.776,0.6
249,-446.6501566048236,15.0638964,151.6714554048236,0.0,252.78575900803935,20.0851952,272.77127937915975,270.0,1,"{'load': 0, 'battery': 0}",1,100.425976,2,0,0,0,0,"{'solar': 1, 'wind': 0, 'generator': 0}",15.0,358.6642,5.148,0.6
250,-434.7549960693813,0.0010038392432098766,434.7539922301381,0.0,483.0599913668202,0.0,483.0599913668202,483.0599913668202,0,"{'load': 1, 'battery': 0}",0,0.006692,1,0,0,0,0,"{'solar': 1, 'wind': 0, 'generator': 0}",285.0,0.0239,39.744,0.8999999999999999
251,-558.0189128429579,0.0,258.01891284295783,0.0,430.0315214049298,0.0,265.2333054185869,0.0,0,"{'load': 0, 'battery': 1}",0,0.0,2,0,0,0,0,"{'solar': 0, 'wind': 0, 'generator': 0}",285.0,0.034,0.396,0.6
252,-287.8570586836585,0.0018437333333333333,287.8555621503252,270.0,209.75927025054207,0.0003472,209.75927025054207,209.75927025054207,1,"{'load': 1, 'battery': 1}",1,0.001736,2,0,0,0,0,"{'solar': 1, 'wind': 0, 'generator': 0}",285.0,0.0062,6.048,0.6
253,-243.14888935844508,0.06968633333333334,243.07920302511175,270.0,135.13200504185295,0.0,405.58602504185296,405.58602504185296,1,"{'load': 1, 'battery': 1}",1,0.45402,0,0,0,0,0,"{'solar': 1, 'wind': 0, 'generator': 0}",285.0,1.6215,19.332,0.6
254,-293.3455880262032,21.360906000000004,0.46589002620315795,0.0,0.7764833770052633,28.481208000000006,321.42315213094,0.0,0,"{'load': 0, 'battery': 0}",0,142.40604000000002,2,0,0,0,0,"{'solar': 1, 'wind': 0, 'generator': 0}",285.0,508.593,4.392,0.6
255,-492.4261734333032,7.4322115483518525,184.9939618849513,270.0,38.32326980825218,0.0,297.12455675112557,0.0,0,"{'load': 0, 'battery': 0}",0,49.54614000000001,1,0,0,0,0,"{'solar': 1, 'wind': 0, 'generator': 0}",285.0,176.9505,11.376000000000001,0.6
256,-816.38712547932,0.0,516.38712547932,269.9360802,303.8273925548001,0.0,536.1997261310793,0.0,0,"{'load': 0, 'battery': 0}",0,0.0,0,0,0,0,0,"{'solar': 0, 'wind': 0, 'generator': 0}",285.0,0.041,23.184,0.8999999999999999
257,-200.71890292451562,0.0038977523753086414,200.7150051721403,270.0,64.52500862023385,0.0,334.52500862023385,334.52500862023385,1,"{'load': 1, 'battery': 0}",1,0.025983999999999997,1,0,0,0,0,"{'solar': 1, 'wind': 0, 'generator': 0}",15.0246848,0.0928,6.12,0.6
258,-18.727955697635014,0.0,18.727955697635014,0.0,31.213259496058356,0.0,301.21325949605836,301.21325949605836,1,"{'load': 1, 'battery': 0}",1,0.0,0,0,0,0,0,"{'solar': 0, 'wind': 0, 'generator': 0}",15.0,0.0,2.52,0.6
259,-287.70621655975197,0.0160608,287.690155759752,0.0,479.48359293292,0.0,479.59066493292,479.59066493292,0,"{'load': 1, 'battery': 1}",0,0.107072,0,0,0,0,0,"{'solar': 1, 'wind': 0, 'generator': 0}",285.0,0.3824,8.712,0.6
260,-245.87910509996144,21.328177585045676,224.55092751491577,270.0,104.25154585819297,0.0,374.25154585819297,374.25154585819297,1,"{'load': 1, 'battery': 0}",1,142.182292,1,0,0,0,0,"{'solar': 1, 'wind': 0, 'generator': 0}",150.0731774,507.7939,6.408,0.6
261,-188.96244553904768,0.0,188.96244553904768,0.0,314.93740923174613,0.0,314.93740923174613,314.93740923174613,0,"{'load': 1, 'battery': 1}",0,0.0,0,0,0,0,0,"{'solar': 0, 'wind': 0, 'generator': 0}",285.0,427.1961,25.992,0.6
262,-485.2452115274074,0.001848,485.2433635274074,0.0,539.1592928082305,0.0,539.1716128082305,539.1716128082305,1,"{'load': 1, 'battery': 0}",1,0.012320000000000001,0,0,0,0,0,"{'solar': 1, 'wind': 0, 'generator': 0}",15.0,0.044,16.272,0.8999999999999999
263,-357.438787359133,0.0020454,357.439469159133,270.0,325.732448598555,0.002727200000000001,325.732448598555,325.732448598555,0,"{'load': 1, 'battery': 0}",0,0.013636000000000002,2,0,0,0,0,"{'solar': 1, 'wind': 0, 'generator': 0}",285.0,0.0487,8.64,0.6
264,-449.24574434879395,0.0,149.24574434879395,0.0,248.7429072479899,0.0,243.21348688639222,0.0,0,"{'load': 0, 'battery': 0}",0,0.0,1,0,0,0,0,"{'solar': 0, 'wind': 0, 'generator': 0}",15.0,0.0765,29.088,0.6
265,-280.85340801777585,0.0,280.85340801777585,0.0,468.08901336295975,0.0,468.08901336295975,468.08901336295975,0,"{'load': 1, 'battery': 0}",0,0.0,1,0,0,0,0,"{'solar': 0, 'wind': 0, 'generator': 0}",285.0,1.1244,20.52,0.6
266,-501.40896812896324,0.0,201.4089681289632,0.0,335.681613548272,0.0,385.0601885935599,0.0,0,"{'load': 0, 'battery': 1}",0,0.0,1,0,0,0,0,"{'solar': 0, 'wind': 0, 'generator': 0}",285.0,572.0304,25.056,0.6
267,-328.9120803702184,21.94862453333333,336.2261774368851,270.0,290.3769623948085,29.2627216,290.3769623948085,290.3769623948085,0,"{'load': 1, 'battery': 1}",0,146.313608,2,0,0,0,0,"{'solar': 1, 'wind': 0, 'generator': 0}",285.0,522.5486,21.564,0.6
268,-475.2888200396876,0.0017135333333333333,475.2871065063543,270.0,258.0967850070604,0.0,528.0976530070604,528.0976530070604,1,"{'load': 1, 'battery': 1}",1,0.000868,0,0,0,0,0,"{'solar': 1, 'wind': 0, 'generator': 0}",285.0,0.0031,19.98,0.8999999999999999
269,-177.9455734280155,0.0009072000000000002,177.94587582801552,0.0,296.5764597133592,0.0012096000000000003,296.5764597133592,296.5764597133592,0,"{'load': 1, 'battery': 1}",0,0.006048000000000001,2,0,0,0,0,"{'solar': 1, 'wind': 0, 'generator': 0}",285.0,0.0216,4.212,0.6
270,-111.0956991704944,0.0031794,111.0967589704944,0.0,185.161264950824,0.004239200000000001,185.161264950824,185.161264950824,0,"{'load': 1, 'battery': 1}",0,0.021196000000000003,2,0,0,0,0,"{'solar': 1, 'wind': 0, 'generator': 0}",285.0,0.0757,18.144000000000002,0.6
271,-381.30868502699076,0.5575299621868519,380.7511550648039,266.4691426,368.1161158413399,0.0,368.1161158413399,368.1161158413399,0,"{'load': 1, 'battery': 1}",0,3.7063040000000003,1,0,0,0,0,"{'solar': 1, 'wind': 0, 'generator': 0}",285.0,13.2368,6.6240000000000006,0.6
272,-333.51863634698134,27.168069533333334,306.350566813648,270.0,240.5842780227467,0.0,288.1916786673091,451.109908,1,"{'load': 0, 'battery': 1}",1,181.10990800000002,0,0,0,0,0,"{'solar': 1, 'wind': 0, 'generator': 0}",285.0,646.8211,11.592,0.6
273,-347.4335739914521,17.511677400000004,29.921896591452075,0.0,49.86982765242013,0.0,252.05776946043673,116.74451600000002,0,"{'load': 0, 'battery': 1}",0,116.74451600000002,0,0,0,0,0,"{'solar': 1, 'wind': 0, 'generator': 0}",285.0,416.9447,43.2,0.6
274,-760.5015270565427,0.0015078491915432096,460.5000192073512,257.1279674,254.53872060816812,0.0,490.08364792220016,0.0,0,"{'load': 0, 'battery': 1}",0,0.0,1,0,0,0,0,"{'solar': 0, 'wind': 0, 'generator': 0}",285.0,0.3807,23.364,0.8999999999999999
275,-177.07282855368572,0.009113933333333333,177.0737554203524,270.0,25.12292570058736,0.0100408,295.12292570058736,295.12292570058736,1,"{'load': 1, 'battery': 1}",1,0.050204,2,0,0,0,0,"{'solar': 1, 'wind': 0, 'generator': 0}",285.0,0.1793,22.715999999999998,0.6
276,-92.00487958200301,0.0,92.00487958200301,0.0,153.34146597000503,0.0,153.34146597000503,153.34146597000503,0,"{'load': 1, 'battery': 1}",0,0.0,2,0,0,0,0,"{'solar': 0, 'wind': 0, 'generator': 0}",285.0,0.0,22.824,0.6
277,-495.98942377486844,0.0,195.98942377486847,0.0,326.6490396247808,0.0,359.03391583627604,0.0,0,"{'load': 0, 'battery': 1}",0,0.0,1,0,0,0,0,"{'solar': 0, 'wind': 0, 'generator': 0}",285.0,63.3649,1.8,0.6
278,-268.0121084470722,18.717761933333332,249.29434651373887,270.0,145.49057752289815,0.0,238.4736586457089,394.774524,1,"{'load': 1, 'battery': 1}",1,124.774524,0,0,0,0,0,"{'solar': 1, 'wind': 0, 'generator': 0}",285.0,445.6233,11.592,0.6
279,-336.108459125579,28.303575075109876,7.804884050469059,0.0,13.008140084115098,0.0,255.74247578661488,0.0,0,"{'load': 0, 'battery': 1}",0,188.68312400000002,1,0,0,0,0,"{'solar': 1, 'wind': 0, 'generator': 0}",285.0,673.8683,10.152,0.6
280,-350.557637754982,0.07990073333333333,350.5821602216487,270.0,119.53573357960965,0.10442320000000001,389.53573357960965,389.53573357960965,1,"{'load': 1, 'battery': 1}",1,0.522116,2,0,0,0,0,"{'solar': 1, 'wind': 0, 'generator': 0}",285.0,1.8647,28.152,0.8999999999999999
281,-319.8313815192276,0.0015833333333333333,319.8297981858943,270.0,263.04966364315715,0.0,183.5782408980239,270.0,1,"{'load': 1, 'battery': 1}",1,0.0,2,0,0,0,0,"{'solar': 1, 'wind': 0, 'generator': 0}",285.0,0.0,19.836,0.6
282,-544.2356879978921,0.0015833333333333333,244.23410466455877,270.0,137.056841107598,0.0,139.3371091066211,0.0,1,"{'load': 0, 'battery': 1}",1,0.0,2,0,0,0,0,"{'solar': 1, 'wind': 0, 'generator': 0}",285.0,0.0,13.356,0.6
283,-334.5809374534708,0.0015833333333333333,334.5793541201375,270.0,287.6322568668959,0.0,267.00031546446496,270.0,1,"{'load': 1, 'battery': 1}",1,0.0,2,0,0,0,0,"{'solar': 0, 'wind': 0, 'generator': 0}",285.0,165.7905,24.12,0.6
284,-332.99722533855544,0.0015833333333333333,332.9956420052221,270.0,284.9927366753703,0.0,236.85860582367474,270.0,1,"{'load': 1, 'battery': 1}",1,0.0,1,0,0,0,0,"{'solar': 0, 'wind': 0, 'generator': 0}",285.0,698.2767,3.6,0.6
285,-95.19223478681872,31.142836199999998,64.04939858681873,0.0,106.74899764469788,0.0,314.3679056446979,314.3679056446979,1,"{'load': 1, 'battery': 0}",1,207.618908,0,0,0,0,0,"{'solar': 1, 'wind': 0, 'generator': 0}",15.0,741.4961,17.568,0.6
286,-411.3167576305759,0.0015833333333333333,411.3151742972426,270.0,187.0168603302696,0.0,457.0168603302696,457.0168603302696,1,"{'load': 1, 'battery': 1}",1,0.0,0,0,0,0,0,"{'solar': 0, 'wind': 0, 'generator': 0}",285.0,17.1302,25.56,0.8999999999999999
287,-117.49309178529845,0.0,117.49309178529845,0.0,195.8218196421641,0.0,195.8218196421641,195.8218196421641,0,"{'load': 1, 'battery': 1}",0,0.0,1,0,0,0,0,"{'solar': 0, 'wind': 0, 'generator': 0}",285.0,0.1004,3.24,0.6
288,-85.05715308708658,0.0,85.05715308708658,0.0,141.76192181181096,0.0,141.76192181181096,141.76192181181096,0,"{'load': 1, 'battery': 1}",0,0.0,0,0,0,0,0,"{'solar': 0, 'wind': 0, 'generator': 0}",285.0,0.0,4.6080000000000005,0.6
289,-340.462124646871,9.550661333333334,330.9114633135377,270.0,281.5191055225629,0.0,263.62454177108384,333.66052,1,"{'load': 1, 'battery': 1}",1,63.66052000000001,0,0,0,0,0,"{'solar': 1, 'wind': 0, 'generator': 0}",285.0,227.359,13.644,0.6
290,-551.4713528344535,0.0,551.4713528344535,0.0,290.248080439186,0.0,290.248080439186,290.248080439186,0,"{'load': 1, 'battery': 1}",0,0.0,1,0,0,0,0,"{'solar': 0, 'wind': 0, 'generator': 0}",285.0,947.708,5.688000000000001,1.9
291,-495.37891297791265,29.477632800000002,205.2047905779126,0.0,58.62994016511789,39.30351040000001,372.5340146238245,0.0,0,"{'load': 0, 'battery': 1}",0,196.51755200000002,2,0,0,0,0,"{'solar': 1, 'wind': 0, 'generator': 0}",285.0,701.8484,17.388,3.5
292,-431.2045116825945,0.6463211999999999,431.41995208259453,0.0,227.06313267504976,0.8617616,497.06313267504976,497.06313267504976,1,"{'load': 1, 'battery': 0}",1,4.308808,2,0,0,0,0,"{'solar': 1, 'wind': 0, 'generator': 0}",15.0,15.3886,21.6,1.9
293,-194.86513821018997,0.003960599999999999,194.86645841018998,270.0,54.77743068364998,0.0052807999999999996,230.77592316709308,270.0,1,"{'load': 1, 'battery': 0}",1,0.026403999999999997,2,0,0,0,0,"{'solar': 1, 'wind': 0, 'generator': 0}",15.0,0.0943,9.18,0.6
294,-92.04986454970431,0.0,92.04986454970431,0.0,153.41644091617385,0.0,153.41644091617385,153.41644091617385,0,"{'load': 1, 'battery': 0}",0,0.0,1,0,0,0,0,"{'solar': 1, 'wind': 0, 'generator': 0}",285.0,0.0,0.5040000000000001,0.6
295,-310.03583508467995,0.0,10.035835084679922,0.0,16.72639180779987,0.0,278.1568264577552,0.0,1,"{'load': 0, 'battery': 0}",1,0.0,1,0,0,0,0,"{'solar': 0, 'wind': 0, 'generator': 0}",15.0,283.1229,3.6,0.6
296,-583.5298184513928,38.42497253333333,596.3360315180595,270.0,43.86106922003131,51.231185599999996,313.8610692200313,313.8610692200313,1,"{'load': 1, 'battery': 1}",1,256.15592799999996,2,0,0,0,0,"{'solar': 1, 'wind': 0, 'generator': 0}",285.0,914.8426,12.420000000000002,1.9
297,-1570.6338867149088,33.82349033333333,1281.9062723815755,270.0,96.25893496616442,45.095876000000004,452.3228553379297,270.0,1,"{'load': 0, 'battery': 1}",1,225.47938,2,0,0,0,0,"{'solar': 1, 'wind': 0, 'generator': 0}",285.0,805.2835,10.908,3.5
298,-962.6798187476974,2.944851,959.7349677476974,0.0,505.12366723563025,0.0,524.7560072356302,524.7560072356302,0,"{'load': 1, 'battery': 1}",0,19.63234,0,0,0,0,0,"{'solar': 1, 'wind': 0, 'generator': 0}",285.0,70.1155,7.272,1.9
299,-147.11678910999464,0.0,147.11678910999464,0.0,245.19464851665776,0.0,245.19464851665776,245.19464851665776,0,"{'load': 1, 'battery': 1}",0,0.0,0,0,0,0,0,"{'solar': 0, 'wind': 0, 'generator': 0}",285.0,0.0039,20.52,0.6
300,-96.56622178855798,0.0,96.56622178855798,0.0,160.94370298092997,0.0,160.94370298092997,160.94370298092997,0,"{'load': 1, 'battery': 1}",0,0.0,1,0,0,0,0,"{'solar': 0, 'wind': 0, 'generator': 0}",285.0,0.1313,5.688000000000001,0.6
301,-165.16149293194943,3.0032813999999997,166.16258673194943,0.0,276.9376445532491,4.0043752,276.9376445532491,276.9376445532491,0,"{'load': 1, 'battery': 1}",0,20.021876,2,0,0,0,0,"{'solar': 1, 'wind': 0, 'generator': 0}",285.0,71.5067,3.2760000000000002,0.6
302,-718.6737253451074,38.0404416,731.3538725451074,270.0,114.9230908132144,50.7205888,384.9230908132144,384.9230908132144,1,"{'load': 1, 'battery': 0}",1,253.602944,2,0,0,0,0,"{'solar': 1, 'wind': 0, 'generator': 0}",15.0,905.7248,0.36000000000000004,1.9
303,-2636.75772941648,34.318271333333335,2348.1950420831463,270.0,400.91286916661323,45.755584,531.209378377098,270.0,1,"{'load': 0, 'battery': 1}",1,228.77792,2,0,0,0,0,"{'solar': 1, 'wind': 0, 'generator': 0}",285.0,817.064,1.9440000000000002,3.5
304,-1224.5431424928329,0.0,924.5431424928329,0.0,486.60165394359626,0.0,579.5222570922502,0.0,0,"{'load': 0, 'battery': 1}",0,0.0,1,0,0,0,0,"{'solar': 0, 'wind': 0, 'generator': 0}",285.0,66.9443,7.5600000000000005,1.9
305,-691.6244687319723,0.0015833333333333333,391.6228853986391,270.0,382.70480899773173,0.0,278.5681036982761,270.0,1,"{'load': 0, 'battery': 1}",1,0.0,1,0,0,0,0,"{'solar': 0, 'wind': 0, 'generator': 0}",285.0,0.0348,19.656,0.6
306,-107.31148684670956,0.0005208203604938271,107.31096602634906,0.0,178.85161004391512,0.0,178.85161004391512,178.85161004391512,0,"{'load': 1, 'battery': 1}",0,0.003472,1,0,0,0,0,"{'solar': 1, 'wind': 0, 'generator': 0}",285.0,0.0124,7.128,0.6
307,-491.96322617234296,2.7896776572086424,189.1735485151343,0.0,315.28924752522386,0.0,308.0056463475221,0.0,0,"{'load': 0, 'battery': 1}",0,18.597124000000004,1,0,0,0,0,"{'solar': 1, 'wind': 0, 'generator': 0}",285.0,66.4183,18.791999999999998,0.6
308,-538.9066419079392,0.0,538.9066419079392,108.10931439999999,175.52576028838908,0.0,381.4582786883891,381.4582786883891,1,"{'load': 1, 'battery': 0}",1,0.0,2,0,0,0,0,"{'solar': 0, 'wind': 0, 'generator': 0}",15.0,898.7303,8.64,1.9
309,-2939.1922654846553,0.0015833333333333333,2639.190682151322,270.0,484.0544806146635,0.0,536.217183677406,270.0,1,"{'load': 0, 'battery': 1}",1,0.0,1,0,0,0,0,"{'solar': 0, 'wind': 0, 'generator': 0}",285.0,659.8548,2.592,3.5
310,-1438.1573265707266,0.0,1138.1573265707266,0.0,599.0301718793298,0.0,602.1172405096302,0.0,1,"{'load': 0, 'battery': 0}",1,0.0,0,0,0,0,0,"{'solar': 0, 'wind': 0, 'generator': 0}",15.0,32.7551,18.503999999999998,1.9
311,-328.3725665178053,0.0,328.3725665178053,270.0,277.2876108630088,0.0,277.2876108630088,277.2876108630088,0,"{'load': 1, 'battery': 0}",0,0.0,2,0,0,0,0,"{'solar': 0, 'wind': 0, 'generator': 0}",285.0,0.0603,12.78,0.6
312,-96.58093502390999,0.0,96.58093502390999,0.0,160.96822503984998,0.0,160.96822503984998,160.96822503984998,0,"{'load': 1, 'battery': 1}",0,0.0,0,0,0,0,0,"{'solar': 0, 'wind': 0, 'generator': 0}",285.0,0.0224,14.292000000000002,0.6
313,-577.7387696453442,0.0015833333333333333,277.7371863120108,270.0,192.895310520018,0.0,217.99053775170367,0.0,0,"{'load': 0, 'battery': 1}",0,0.0,1,0,0,0,0,"{'solar': 0, 'wind': 0, 'generator': 0}",285.0,60.789,11.484,0.6
314,-683.716872965427,36.3567666,647.360106365427,0.0,340.7158454554879,0.0,358.60338681649876,512.3784440000001,1,"{'load': 1, 'battery': 0}",1,242.37844400000003,0,0,0,0,0,"{'solar': 1, 'wind': 0, 'generator': 0}",15.0,865.6373,30.96,1.9
315,-1918.3601775963832,0.0,1918.3601775963832,0.0,548.1029078846809,0.0,548.1029078846809,548.1029078846809,0,"{'load': 1, 'battery': 1}",0,0.0,1,0,0,0,0,"{'solar': 0, 'wind': 0, 'generator': 0}",285.0,698.5161,27.612000000000002,3.5
316,-1100.6059091612208,0.0,1100.6059091612208,0.0,579.2662679795899,0.0,579.2662679795899,579.2662679795899,0,"{'load': 1, 'battery': 1}",0,0.0,2,0,0,0,0,"{'solar': 0, 'wind': 0, 'generator': 0}",285.0,4.0001,21.240000000000002,1.9
317,-161.5691908802309,0.001558260917283951,161.56763261931363,0.0,269.27938769885606,0.0,269.27938769885606,269.27938769885606,0,"{'load': 1, 'battery': 1}",0,0.010388000000000001,1,0,0,0,0,"{'solar': 1, 'wind': 0, 'generator': 0}",285.0,0.0371,12.6,0.6
318,-261.6638127468241,0.0,261.6638127468241,269.9821248,166.12422977804016,0.0,166.12422977804016,166.12422977804016,0,"{'load': 1, 'battery': 0}",0,0.0,1,0,0,0,0,"{'solar': 0, 'wind': 0, 'generator': 0}",285.0,0.0943,2.088,0.6
319,-15.571042537177117,0.0,15.571042537177117,0.0,25.951737561961863,0.0,295.95173756196186,295.95173756196186,1,"{'load': 1, 'battery': 0}",1,0.0,2,0,0,0,0,"{'solar': 0, 'wind': 0, 'generator': 0}",15.0,122.7231,11.268,0.6
320,-940.5710326577747,32.4230802,608.1479524577747,0.0,320.0778697146183,0.0,337.09785553292016,216.15386800000002,0,"{'load': 0, 'battery': 1}",0,216.15386800000002,0,0,0,0,0,"{'solar': 1, 'wind': 0, 'generator': 0}",285.0,771.9781,13.212,1.9
321,-2737.332557387337,0.0015833333333333333,2437.330974054004,270.0,426.3802783011441,0.0,465.5263907019566,270.0,1,"{'load': 0, 'battery': 1}",1,0.0,0,0,0,0,0,"{'solar': 0, 'wind': 0, 'generator': 0}",285.0,612.9144,15.156,3.5
322,-1062.978459660496,0.0028223999999999996,1062.979400460496,0.0,559.4628423476295,0.0037632,559.4628423476295,559.4628423476295,0,"{'load': 1, 'battery': 1}",0,0.018816,2,0,0,0,0,"{'solar': 1, 'wind': 0, 'generator': 0}",285.0,0.0672,3.204,1.9
323,-242.22530709167103,0.004372138784691358,242.22093495288632,269.9823376,133.71922065481056,0.0,217.6558818210761,270.0,1,"{'load': 1, 'battery': 1}",1,0.018592,1,0,0,0,0,"{'solar': 1, 'wind': 0, 'generator': 0}",285.0,0.0664,15.947999999999999,0.6
324,-253.66192154349102,0.003918533333333333,253.6580030101577,270.0,152.76333835026287,0.0,152.77890635026287,152.77890635026287,1,"{'load': 1, 'battery': 1}",1,0.015567999999999999,0,0,0,0,0,"{'solar': 1, 'wind': 0, 'generator': 0}",285.0,0.0556,12.816,0.6
325,-181.77405598216788,0.0,181.77405598216788,0.0,302.9567599702798,0.0,302.9567599702798,302.9567599702798,0,"{'load': 1, 'battery': 1}",0,0.0,1,0,0,0,0,"{'solar': 0, 'wind': 0, 'generator': 0}",285.0,40.9305,1.836,0.6
326,-336.0641948925252,0.0,336.0641948925252,270.0,290.106991487542,0.0,290.106991487542,290.106991487542,0,"{'load': 1, 'battery': 0}",0,0.0,0,0,0,0,0,"{'solar': 0, 'wind': 0, 'generator': 0}",285.0,693.8025,7.704000000000001,0.6
327,-233.8015871300879,0.0,233.8015871300879,0.0,389.66931188347985,0.0,389.66931188347985,389.66931188347985,0,"{'load': 1, 'battery': 0}",0,0.0,0,0,0,0,0,"{'solar': 0, 'wind': 0, 'generator': 0}",285.0,311.0999,5.688000000000001,0.6
328,-686.9682711569542,0.0029147333333333332,686.9653564236208,270.0,493.2948404706899,0.0,493.3037164706899,493.3037164706899,1,"{'load': 1, 'battery': 1}",1,0.008876,0,0,0,0,0,"{'solar': 1, 'wind': 0, 'generator': 0}",285.0,0.0317,10.836,0.8999999999999999
329,-118.7978894154612,0.0034398000000000002,118.7944496154612,0.0,197.990749359102,0.0,198.013681359102,198.013681359102,0,"{'load': 1, 'battery': 1}",0,0.022932,0,0,0,0,0,"{'solar': 1, 'wind': 0, 'generator': 0}",285.0,0.0819,4.032000000000001,0.6
330,-83.11821079279017,0.0,83.11821079279017,0.0,138.53035132131694,0.0,138.53035132131694,138.53035132131694,0,"{'load': 1, 'battery': 1}",0,0.0,1,0,0,0,0,"{'solar': 0, 'wind': 0, 'generator': 0}",285.0,0.0889,18.791999999999998,0.6
331,-186.7228580502798,0.0015833333333333333,186.72127471694645,270.0,41.2021245282441,0.0,311.2021245282441,311.2021245282441,1,"{'load': 1, 'battery': 1}",1,0.0,0,0,0,0,0,"{'solar': 0, 'wind': 0, 'generator': 0}",285.0,29.7942,0.0,0.6
332,-320.1163697096388,25.7340132,328.6943741096388,270.0,277.82395684939803,34.312017600000004,277.82395684939803,277.82395684939803,1,"{'load': 1, 'battery': 0}",1,171.560088,2,0,0,0,0,"{'solar': 1, 'wind': 0, 'generator': 0}",15.0,612.7146,7.308,0.6
333,-5.949700707090699,0.0,5.949700707090699,0.0,9.916167845151165,0.0,279.91616784515116,279.91616784515116,1,"{'load': 1, 'battery': 0}",1,0.0,2,0,0,0,0,"{'solar': 0, 'wind': 0, 'generator': 0}",15.0,381.6857,66.744,0.6
334,-697.2985699458924,0.0,697.2985699458924,270.0,504.7761888287694,0.0,504.7761888287694,504.7761888287694,0,"{'load': 1, 'battery': 0}",0,0.0,1,0,0,0,0,"{'solar': 0, 'wind': 0, 'generator': 0}",285.0,0.0664,13.284,0.8999999999999999
335,-154.164888837399,0.0,154.164888837399,0.0,256.941481395665,0.0,256.941481395665,256.941481395665,0,"{'load': 1, 'battery': 1}",0,0.0,1,0,0,0,0,"{'solar': 0, 'wind': 0, 'generator': 0}",285.0,0.0525,9.0,0.6
336,-243.15452600036096,0.004115933333333334,243.15378686702763,270.0,135.2563114450461,0.0033768,135.2563114450461,135.2563114450461,1,"{'load': 1, 'battery': 1}",1,0.016884,2,0,0,0,0,"{'solar': 1, 'wind': 0, 'generator': 0}",285.0,0.0603,38.7,0.6
337,-185.0294126515649,0.0779184,185.05538545156492,0.0,308.4256424192749,0.10389120000000002,308.4256424192749,308.4256424192749,0,"{'load': 1, 'battery': 1}",0,0.519456,2,0,0,0,0,"{'solar': 1, 'wind': 0, 'generator': 0}",285.0,1.8552,6.8759999999999994,0.6
338,-179.83987492213006,5.629679933333333,174.21019498879673,270.0,20.3503249813279,0.0,252.38051744219297,307.520644,1,"{'load': 1, 'battery': 1}",1,37.520644,0,0,0,0,0,"{'solar': 1, 'wind': 0, 'generator': 0}",285.0,134.0023,11.520000000000001,0.6
339,-192.4185017282706,10.781880297360493,181.6366214309101,0.0,302.7277023848502,0.0,302.7277023848502,302.7277023848502,0,"{'load': 1, 'battery': 1}",0,71.876392,1,0,0,0,0,"{'solar': 1, 'wind': 0, 'generator': 0}",285.0,256.7014,15.984000000000002,0.6
340,-808.3357106046689,0.0015833333333333333,508.33412727133555,270.0,294.81569696815063,0.0,525.9585546284205,0.0,0,"{'load': 0, 'battery': 1}",0,0.0,1,0,0,0,0,"{'solar': 0, 'wind': 0, 'generator': 0}",285.0,0.0209,20.304,0.8999999999999999
341,-191.09753436124194,0.0024654963839506176,191.09506886485798,0.0,318.49178144142996,0.0,318.49178144142996,318.49178144142996,0,"{'load': 1, 'battery': 1}",0,0.016436000000000003,1,0,0,0,0,"{'solar': 1, 'wind': 0, 'generator': 0}",285.0,0.0587,8.604000000000001,0.6
342,-304.4232425839236,0.0015833333333333333,304.42165925059027,270.0,237.3694320843171,0.0,243.57954253572203,270.0,1,"{'load': 1, 'battery': 1}",1,0.0,2,0,0,0,0,"{'solar': 0, 'wind': 0, 'generator': 0}",285.0,0.0789,14.544,0.6
343,-287.8967408499995,0.0,287.8967408499995,0.0,479.82790141666584,0.0,479.82790141666584,479.82790141666584,0,"{'load': 1, 'battery': 1}",0,0.0,0,0,0,0,0,"{'solar': 0, 'wind': 0, 'generator': 0}",285.0,1.4013,11.088000000000001,0.6
344,-330.716694963348,0.0,30.71669496334798,0.0,51.19449160557997,0.0,269.76686602012893,0.0,0,"{'load': 0, 'battery': 1}",0,0.0,0,0,0,0,0,"{'solar': 0, 'wind': 0, 'generator': 0}",285.0,473.2874,15.192,0.6
345,-182.74678176761577,0.0,182.74678176761577,0.0,304.577969612693,0.0,304.577969612693,304.577969612693,0,"{'load': 1, 'battery': 1}",0,0.0,1,0,0,0,0,"{'solar': 0, 'wind': 0, 'generator': 0}",285.0,385.9858,20.88,0.6
346,-496.7413380166178,0.0036287333333333335,496.74043648328444,270.0,281.9338183147605,0.002727200000000001,551.9338183147605,551.9338183147605,1,"{'load': 1, 'battery': 1}",1,0.013636000000000002,2,0,0,0,0,"{'solar': 1, 'wind': 0, 'generator': 0}",285.0,0.0487,14.76,0.8999999999999999
347,-203.0213782713805,0.001915274874074074,203.01946299650643,269.9878704,68.37790126084406,0.0,338.37790126084406,338.37790126084406,1,"{'load': 1, 'battery': 0}",1,0.012768,1,0,0,0,0,"{'solar': 1, 'wind': 0, 'generator': 0}",15.0121296,0.0456,19.404,0.6
348,-316.98555545933635,0.000651,316.98490445933635,269.9813002,258.32687389889384,0.0,269.976104758725,270.00434,1,"{'load': 1, 'battery': 0}",1,0.00434,0,0,0,0,0,"{'solar': 1, 'wind': 0, 'generator': 0}",15.0,0.0155,27.072,0.6
349,-312.4319213249641,0.0,312.4319213249641,0.0,520.7198688749402,0.0,520.7198688749402,520.7198688749402,0,"{'load': 1, 'battery': 1}",0,0.0,1,0,0,0,0,"{'solar': 0, 'wind': 0, 'generator': 0}",285.0,1.3777,13.104000000000001,0.6
350,-648.331013081281,0.0015833333333333333,348.3294297479477,270.0,310.5490495799129,0.0,303.6177715242449,270.0,1,"{'load': 0, 'battery': 1}",1,0.0,0,0,0,0,0,"{'solar': 0, 'wind': 0, 'generator': 0}",285.0,233.7449,24.804,0.6
351,-4.770079144491683,0.0,4.770079144491683,0.0,7.9501319074861385,0.0,277.95013190748614,277.95013190748614,1,"{'load': 1, 'battery': 0}",1,0.0,1,0,0,0,0,"{'solar': 0, 'wind': 0, 'generator': 0}",15.0,468.5997,15.947999999999999,0.6
352,-982.470413968007,0.0030828000000000006,682.471441568007,270.0,488.3016017422301,0.004110400000000001,533.4100183199803,270.0,1,"{'load': 0, 'battery': 0}",1,0.020552000000000004,2,0,0,0,0,"{'solar': 1, 'wind': 0, 'generator': 0}",15.0,0.0734,53.496,0.8999999999999999
353,-395.53515209804505,0.0,395.53515209804505,270.0,389.2252534967417,0.0,389.2252534967417,389.2252534967417,0,"{'load': 1, 'battery': 0}",0,0.0,2,0,0,0,0,"{'solar': 0, 'wind': 0, 'generator': 0}",285.0,0.0348,47.519999999999996,0.6
354,-134.5387506755027,0.0,134.5387506755027,0.0,224.23125112583787,0.0,224.23125112583787,224.23125112583787,0,"{'load': 1, 'battery': 0}",0,0.0,2,0,0,0,0,"{'solar': 0, 'wind': 0, 'generator': 0}",285.0,0.0433,17.352,0.6
355,-284.26711459849287,0.14503586990493827,284.12207872858795,0.0,473.5367978809799,0.0,473.5367978809799,473.5367978809799,0,"{'load': 1, 'battery': 1}",0,0.9668680000000001,1,0,0,0,0,"{'solar': 1, 'wind': 0, 'generator': 0}",285.0,3.4531,9.9,0.6
356,-180.51971151177904,0.0,180.51971151177904,0.0,300.8661858529651,0.0,300.8661858529651,300.8661858529651,0,"{'load': 1, 'battery': 0}",0,0.0,0,0,0,0,0,"{'solar': 0, 'wind': 0, 'generator': 0}",285.0,611.5236,40.14,0.6
357,-160.39493558431866,0.0,160.39493558431866,0.0,267.3248926405311,0.0,267.3248926405311,267.3248926405311,0,"{'load': 1, 'battery': 1}",0,0.0,0,0,0,0,0,"{'solar': 0, 'wind': 0, 'generator': 0}",285.0,585.5151,8.712,0.6
358,-483.6367385348302,0.0,483.6367385348302,270.0,267.3741539275892,0.0,537.3741539275892,537.3741539275892,1,"{'load': 1, 'battery': 0}",1,0.0,2,0,0,0,0,"{'solar': 0, 'wind': 0, 'generator': 0}",15.0,0.0502,5.9399999999999995,0.8999999999999999
359,-186.91537925297524,0.0,186.91537925297524,0.0,311.52563208829207,0.0,311.52563208829207,311.52563208829207,0,"{'load': 1, 'battery': 1}",0,0.0,1,0,0,0,0,"{'solar': 0, 'wind': 0, 'generator': 0}",285.0,0.0425,14.004000000000001,0.6
360,-262.84237592261695,0.0020033333333333335,262.8403725892836,270.0,168.06728764880606,0.0,163.72729018485194,270.0028,1,"{'load': 1, 'battery': 1}",1,0.0028000000000000004,0,0,0,0,0,"{'solar': 1, 'wind': 0, 'generator': 0}",285.0,0.01,14.904,0.6
361,-554.5513444002207,0.0015833333333333333,254.54976106688747,270.0,154.2496017781458,0.0,438.07293678475617,0.0,0,"{'load': 0, 'battery': 1}",0,0.0,2,0,0,0,0,"{'solar': 0, 'wind': 0, 'generator': 0}",285.0,29.779,15.588000000000001,0.6
362,-177.68571143352318,31.377948261955556,146.30776317156761,0.0,243.8462719526127,0.0,243.8462719526127,243.8462719526127,0,"{'load': 1, 'battery': 1}",0,209.178144,1,0,0,0,0,"{'solar': 1, 'wind': 0, 'generator': 0}",285.0,747.0648,5.760000000000001,0.6
363,-308.58308455762625,0.0015833333333333333,308.58150122429294,270.0,244.30250204048818,0.0,256.04566208169234,270.0,1,"{'load': 1, 'battery': 1}",1,0.0,2,0,0,0,0,"{'solar': 0, 'wind': 0, 'generator': 0}",285.0,667.1333,22.824,0.6
364,-655.3973796999568,0.0270144,655.3703652999568,270.0,458.1892947777298,0.0,458.3693907777298,458.3693907777298,0,"{'load': 1, 'battery': 0}",0,0.180096,0,0,0,0,0,"{'solar': 1, 'wind': 0, 'generator': 0}",35.48333,0.6432,9.432,0.8999999999999999
365,-181.40573597114482,0.0,181.40573597114482,0.0,302.34289328524136,0.0,302.34289328524136,302.34289328524136,0,"{'load': 1, 'battery': 1}",0,0.0,0,0,0,0,0,"{'solar': 0, 'wind': 0, 'generator': 0}",285.0,0.0665,14.868,0.6
366,-392.78524624219494,0.0,92.78524624219496,0.0,154.64207707032494,0.0,156.94104322688193,0.0,0,"{'load': 0, 'battery': 0}",0,0.0,0,0,0,0,0,"{'solar': 0, 'wind': 0, 'generator': 0}",285.0,0.0,18.936,0.6
367,-162.4605577436117,0.0015833333333333333,162.45897441027836,270.0,0.7649573504639307,0.0,270.76495735046393,270.76495735046393,1,"{'load': 1, 'battery': 1}",1,0.0,1,0,0,0,0,"{'solar': 0, 'wind': 0, 'generator': 0}",285.0,77.2296,13.895999999999999,0.6
368,-137.377838263132,35.146146,149.09322026313203,0.0,248.4887004385534,46.86152800000001,248.4887004385534,248.4887004385534,0,"{'load': 1, 'battery': 1}",0,234.30764000000002,2,0,0,0,0,"{'solar': 1, 'wind': 0, 'generator': 0}",285.0,836.813,11.196,0.6
369,-85.47392154718091,30.006072383968892,55.467849163212016,79.97194079999997,12.474474472020063,0.0,282.47447447202006,282.47447447202006,1,"{'load': 1, 'battery': 1}",1,200.02953600000004,1,0,0,0,0,"{'solar': 1, 'wind': 0, 'generator': 0}",285.0,714.3912,14.76,0.6
370,-414.7896533352651,0.0,414.7896533352651,270.0,190.87739259473904,0.0,460.87739259473904,460.87739259473904,1,"{'load': 1, 'battery': 0}",1,0.0,0,0,0,0,0,"{'solar': 0, 'wind': 0, 'generator': 0}",15.0,6.4494,23.003999999999998,0.8999999999999999
371,-54.67451299446609,0.0,54.67451299446609,0.0,91.12418832411015,0.0,190.47981514515592,270.0,1,"{'load': 1, 'battery': 0}",1,0.0,2,0,0,0,0,"{'solar': 1, 'wind': 0, 'generator': 0}",15.0,0.0,18.036,0.6
372,-84.37054603733222,0.0,84.37054603733222,0.0,140.61757672888703,0.0,140.61757672888703,140.61757672888703,0,"{'load': 1, 'battery': 0}",0,0.0,1,0,0,0,0,"{'solar': 0, 'wind': 0, 'generator': 0}",285.0,0.0,4.212,0.6
373,-140.35064389387585,9.164395800000001,131.18624809387586,0.0,218.64374682312643,0.0,279.73971882312645,279.73971882312645,0,"{'load': 1, 'battery': 1}",0,61.09597200000001,0,0,0,0,0,"{'solar': 1, 'wind': 0, 'generator': 0}",285.0,218.1999,3.6,0.6
374,-659.2382366811099,0.0,659.2382366811099,96.0495128,250.91798019005785,0.0,250.91798019005785,250.91798019005785,0,"{'load': 1, 'battery': 0}",0,0.0,0,0,0,0,0,"{'solar': 0, 'wind': 0, 'generator': 0}",15.0,948.6436,9.972,1.9
375,-1291.268844076979,31.571336933333328,1301.7905119436457,270.0,101.94014626961308,42.093004799999996,371.9401462696131,371.9401462696131,1,"{'load': 1, 'battery': 1}",1,210.46502399999997,2,0,0,0,0,"{'solar': 1, 'wind': 0, 'generator': 0}",285.0,751.6608,8.64,3.5
376,-903.221497339933,0.0,903.221497339933,0.0,475.37973544207,0.0,475.37973544207,475.37973544207,0,"{'load': 1, 'battery': 1}",0,0.0,1,0,0,0,0,"{'solar': 0, 'wind': 0, 'generator': 0}",285.0,31.1801,10.44,1.9
377,-129.5174097424185,0.0006804265999999999,129.51672931581848,0.0,215.86121552636413,0.0,215.86121552636413,215.86121552636413,0,"{'load': 1, 'battery': 0}",0,0.004536,1,0,0,0,0,"{'solar': 1, 'wind': 0, 'generator': 0}",285.0,0.0162,19.476000000000003,0.6
378,-87.31721956877959,0.0078249059,87.3093946628796,0.0,145.515657771466,0.0,145.515657771466,145.515657771466,0,"{'load': 1, 'battery': 1}",0,0.052164,1,0,0,0,0,"{'solar': 1, 'wind': 0, 'generator': 0}",285.0,0.1863,18.144000000000002,0.6
379,-161.36196863060337,1.4533302000000001,161.84641203060337,0.0,269.74402005100563,1.9377736000000003,269.74402005100563,269.74402005100563,0,"{'load': 1, 'battery': 1}",0,9.688868000000001,2,0,0,0,0,"{'solar': 1, 'wind': 0, 'generator': 0}",285.0,34.6031,8.784,0.6
380,-446.5018119051679,38.78571485467778,407.71609705049013,0.0,214.58741950025797,0.0,214.58741950025797,214.58741950025797,0,"{'load': 1, 'battery': 1}",0,258.561324,1,0,0,0,0,"{'solar': 1, 'wind': 0, 'generator': 0}",285.0,923.4333,6.12,1.9
381,-1662.209145937374,33.592515533333334,1373.4045400040404,270.0,122.40129714401155,44.787909600000006,423.42913306803825,270.0,1,"{'load': 0, 'battery': 1}",1,223.939548,2,0,0,0,0,"{'solar': 1, 'wind': 0, 'generator': 0}",285.0,799.7841,26.712,3.5
382,-939.9866436114695,0.8498279333333333,939.1368156781361,270.0,224.2825345674401,0.0,499.9374985674401,499.9374985674401,1,"{'load': 1, 'battery': 1}",1,5.654964,0,0,0,0,0,"{'solar': 1, 'wind': 0, 'generator': 0}",285.0,20.1963,13.32,1.9
383,-138.42626801309703,0.0,138.42626801309703,0.0,230.71044668849507,0.0,230.71044668849507,230.71044668849507,0,"{'load': 1, 'battery': 1}",0,0.0,0,0,0,0,0,"{'solar': 0, 'wind': 0, 'generator': 0}",285.0,0.051,5.58,0.6
384,-92.96550746921515,0.0,92.96550746921515,0.0,154.94251244869193,0.0,154.94251244869193,154.94251244869193,0,"{'load': 1, 'battery': 1}",0,0.0,0,0,0,0,0,"{'solar': 0, 'wind': 0, 'generator': 0}",285.0,0.0,8.928,0.6
385,-171.19232269896304,0.0,171.19232269896304,0.0,285.32053783160507,0.0,285.32053783160507,285.32053783160507,0,"{'load': 1, 'battery': 1}",0,0.0,2,0,0,0,0,"{'solar': 0, 'wind': 0, 'generator': 0}",285.0,208.9908,11.268,0.6
386,-185.49504420485061,38.333631000000004,147.16141320485062,0.0,77.45337537097402,0.0,333.01091537097403,333.01091537097403,0,"{'load': 1, 'battery': 0}",0,255.55754000000002,0,0,0,0,0,"{'solar': 1, 'wind': 0, 'generator': 0}",285.0,912.7055,6.156,1.9
387,-1691.7386459716738,0.0015833333333333333,1691.7370626383404,270.0,213.35344646809722,0.0,483.3534464680972,483.3534464680972,1,"{'load': 1, 'battery': 1}",1,0.0,0,0,0,0,0,"{'solar': 0, 'wind': 0, 'generator': 0}",285.0,772.7156,2.4120000000000004,3.5
388,-1035.7088817679592,0.0,1035.7088817679592,0.0,545.1099377726101,0.0,545.1099377726101,545.1099377726101,0,"{'load': 1, 'battery': 1}",0,0.0,0,0,0,0,0,"{'solar': 0, 'wind': 0, 'generator': 0}",285.0,53.6619,2.8080000000000003,1.9
389,-323.97123679401227,0.002393934917839506,323.9688428590944,269.9948662,269.95320523182403,0.0,269.95320523182403,269.95320523182403,0,"{'load': 1, 'battery': 1}",0,0.005404000000000001,1,0,0,0,0,"{'solar': 1, 'wind': 0, 'generator': 0}",285.0,0.0193,14.508000000000001,0.6
390,-111.56191790999524,0.0016884,111.56022950999524,0.0,185.93371584999207,0.0,179.8716859202199,270.011256,1,"{'load': 1, 'battery': 0}",1,0.011256,0,0,0,0,0,"{'solar': 1, 'wind': 0, 'generator': 0}",15.0,0.0402,4.752000000000001,0.6
391,-340.54539587274564,4.2646632,341.9669502727457,270.0,299.94491712124284,5.686217600000001,299.94491712124284,299.94491712124284,0,"{'load': 1, 'battery': 0}",0,28.431088000000003,2,0,0,0,0,"{'solar': 1, 'wind': 0, 'generator': 0}",285.0,101.5396,1.512,0.6
392,-728.8998825499683,0.0,728.8998825499683,0.0,383.6315171315623,0.0,383.6315171315623,383.6315171315623,0,"{'load': 1, 'battery': 1}",0,0.0,0,0,0,0,0,"{'solar': 0, 'wind': 0, 'generator': 0}",285.0,566.3616,9.828,1.9
393,-1918.744469439126,32.68409012311852,1886.0603793160076,0.0,538.8743940902879,0.0,538.8743940902879,538.8743940902879,0,"{'load': 1, 'battery': 1}",0,217.88541600000002,1,0,0,0,0,"{'solar': 1, 'wind': 0, 'generator': 0}",285.0,778.1622,13.572000000000001,3.5
394,-1096.945416262631,2.3880234,1097.7414240626308,0.0,577.7586442434899,3.1840312,577.7586442434899,577.7586442434899,0,"{'load': 1, 'battery': 1}",0,15.920156,2,0,0,0,0,"{'solar': 1, 'wind': 0, 'generator': 0}",285.0,56.8577,20.232,1.9
395,-167.9712010370459,0.0,167.9712010370459,0.0,279.9520017284098,0.0,279.9520017284098,279.9520017284098,0,"{'load': 1, 'battery': 1}",0,0.0,1,0,0,0,0,"{'solar': 0, 'wind': 0, 'generator': 0}",285.0,0.0239,4.788,0.6
396,-419.30076156585926,0.0040236,119.30210276585929,0.0,198.83683794309883,0.0053648,177.85648206113703,0.0,0,"{'load': 0, 'battery': 1}",0,0.026824,2,0,0,0,0,"{'solar': 1, 'wind': 0, 'generator': 0}",285.0,0.0958,6.5520000000000005,0.6
397,-175.87373232055845,2.4862866,173.38744572055845,0.0,288.97907620093076,0.0,305.55432020093076,305.55432020093076,0,"{'load': 1, 'battery': 1}",0,16.575244,0,0,0,0,0,"{'solar': 1, 'wind': 0, 'generator': 0}",285.0,59.1973,0.36000000000000004,0.6
398,-708.470702578927,35.564046000000005,420.325384578927,0.0,221.22388662048792,47.41872800000001,380.47240218906086,0.0,0,"{'load': 0, 'battery': 1}",0,237.09364000000002,2,0,0,0,0,"{'solar': 1, 'wind': 0, 'generator': 0}",285.0,846.763,11.484,1.9
399,-2526.1729660422266,0.0015833333333333333,2526.1713827088934,270.0,451.7632522025409,0.0,451.7632522025409,451.7632522025409,0,"{'load': 1, 'battery': 1}",0,0.0,0,0,0,0,0,"{'solar': 0, 'wind': 0, 'generator': 0}",285.0,736.5272,21.240000000000002,3.5
400,-1134.6617751235872,0.0015833333333333333,1134.6601917902537,270.0,327.18957462644937,0.0,597.1895746264494,597.1895746264494,1,"{'load': 1, 'battery': 1}",1,0.0,2,0,0,0,0,"{'solar': 0, 'wind': 0, 'generator': 0}",285.0,14.9256,5.148,1.9
401,-158.48204550983868,0.0,158.48204550983868,0.0,264.1367425163978,0.0,264.1367425163978,264.1367425163978,0,"{'load': 1, 'battery': 1}",0,0.0,0,0,0,0,0,"{'solar': 0, 'wind': 0, 'generator': 0}",285.0,0.0286,6.444,0.6
402,-107.98598525589195,0.0,107.98598525589195,0.0,179.97664209315326,0.0,173.91592744549925,270.0,1,"{'load': 0, 'battery': 0}",1,0.0,2,0,0,0,0,"{'solar': 0, 'wind': 0, 'generator': 0}",15.0,0.0417,6.84,0.6
403,-184.79981675680645,0.0,184.79981675680645,0.0,307.9996945946774,0.0,307.9996945946774,307.9996945946774,0,"{'load': 1, 'battery': 1}",0,0.0,1,0,0,0,0,"{'solar': 0, 'wind': 0, 'generator': 0}",285.0,30.5633,6.8759999999999994,0.6
404,-701.4531123531034,0.0,701.4531123531034,0.0,369.1858486068965,0.0,369.1858486068965,369.1858486068965,0,"{'load': 1, 'battery': 1}",0,0.0,0,0,0,0,0,"{'solar': 0, 'wind': 0, 'generator': 0}",285.0,441.9057,5.184,1.9
405,-1697.043697291137,27.08890859000494,1669.9547887011322,0.0,477.12993962889493,0.0,477.12993962889493,477.12993962889493,0,"{'load': 1, 'battery': 1}",0,180.585664,1,0,0,0,0,"{'solar': 1, 'wind': 0, 'generator': 0}",285.0,644.9488,10.404,3.5
406,-1105.0130562417808,0.019870976818518522,1104.9931852649622,0.0,581.5753606657696,0.0,581.5753606657696,581.5753606657696,0,"{'load': 1, 'battery': 1}",0,0.13246800000000003,1,0,0,0,0,"{'solar': 1, 'wind': 0, 'generator': 0}",285.0,0.4731,9.288,1.9
407,-146.96496326005672,0.0016212000000000002,146.96334206005673,0.0,244.9389034334279,0.0,244.9497114334279,244.9497114334279,0,"{'load': 1, 'battery': 0}",0,0.010808000000000002,0,0,0,0,0,"{'solar': 1, 'wind': 0, 'generator': 0}",285.0,0.0386,12.78,0.6
408,-91.1349309804798,0.0025956,91.13233538047979,0.0,151.887225634133,0.0,151.90452963413298,151.90452963413298,0,"{'load': 1, 'battery': 1}",0,0.017304,0,0,0,0,0,"{'solar': 1, 'wind': 0, 'generator': 0}",285.0,0.0618,13.428,0.6
409,-168.08960278717868,0.0,168.08960278717868,0.0,280.14933797863114,0.0,280.14933797863114,280.14933797863114,0,"{'load': 1, 'battery': 1}",0,0.0,0,0,0,0,0,"{'solar': 0, 'wind': 0, 'generator': 0}",285.0,84.2951,12.78,0.6
410,-338.92666548492656,32.754565133333344,349.8427427515932,270.0,313.071237919322,43.67064240000001,313.071237919322,313.071237919322,1,"{'load': 1, 'battery': 1}",1,218.35321200000004,2,0,0,0,0,"{'solar': 1, 'wind': 0, 'generator': 0}",285.0,779.8329,7.416,0.6
411,-558.7051807968583,0.0,258.7051807968582,71.50853900000001,359.66676232809704,0.0,407.87033156539786,0.0,0,"{'load': 0, 'battery': 0}",0,0.0,1,0,0,0,0,"{'solar': 0, 'wind': 0, 'generator': 0}",285.0,538.7622,25.2,0.6
412,-493.52685708283207,0.0009072000000000002,493.5271594828321,270.0,278.36351053648013,0.0012096000000000003,548.3635105364801,548.3635105364801,1,"{'load': 1, 'battery': 0}",1,0.006048000000000001,2,0,0,0,0,"{'solar': 1, 'wind': 0, 'generator': 0}",15.0,0.0216,24.840000000000003,0.8999999999999999
413,-122.734441824399,0.0,122.734441824399,0.0,204.557403040665,0.0,204.557403040665,204.557403040665,0,"{'load': 1, 'battery': 0}",0,0.0,1,0,0,0,0,"{'solar': 0, 'wind': 0, 'generator': 0}",285.0,0.0641,11.16,0.6
414,-84.13202983714612,0.0027888,84.12924103714612,0.0,140.21540172857686,0.0,140.23399372857688,140.23399372857688,0,"{'load': 1, 'battery': 1}",0,0.018592,0,0,0,0,0,"{'solar': 1, 'wind': 0, 'generator': 0}",285.0,0.0664,1.836,0.6
415,-177.73160241997635,1.9089881333333332,175.82261428664302,270.0,23.03769047773835,0.0,305.75372247773834,305.75372247773834,1,"{'load': 1, 'battery': 1}",1,12.716032,0,0,0,0,0,"{'solar': 1, 'wind': 0, 'generator': 0}",285.0,45.4144,24.084000000000003,0.6
416,-157.3527004592922,0.0,157.3527004592922,0.0,262.254500765487,0.0,262.254500765487,262.254500765487,0,"{'load': 1, 'battery': 1}",0,0.0,0,0,0,0,0,"{'solar': 0, 'wind': 0, 'generator': 0}",285.0,619.7481,13.968,0.6
417,-177.4452372510007,18.081751799999996,183.4724878510007,0.0,305.78747975166783,24.109002399999998,305.78747975166783,305.78747975166783,0,"{'load': 1, 'battery': 1}",0,120.54501199999999,2,0,0,0,0,"{'solar': 1, 'wind': 0, 'generator': 0}",285.0,430.5179,21.744,0.6
418,-454.76009987754315,0.00042000000000000007,454.75967987754314,0.0,505.2885331972702,0.0,505.2913331972702,505.2913331972702,0,"{'load': 1, 'battery': 1}",0,0.0028000000000000004,0,0,0,0,0,"{'solar': 1, 'wind': 0, 'generator': 0}",285.0,0.01,17.208000000000002,0.8999999999999999
419,-159.56376032904421,0.0,159.56376032904421,0.0,265.93960054840704,0.0,265.93960054840704,265.93960054840704,0,"{'load': 1, 'battery': 1}",0,0.0,1,0,0,0,0,"{'solar': 0, 'wind': 0, 'generator': 0}",285.0,0.0023,19.224,0.6
420,-81.08938665073376,0.0,81.08938665073376,0.0,135.14897775122293,0.0,135.14897775122293,135.14897775122293,0,"{'load': 1, 'battery': 1}",0,0.0,0,0,0,0,0,"{'solar': 0, 'wind': 0, 'generator': 0}",285.0,0.0866,11.988000000000001,0.6
421,-176.95547472824552,0.16663920000000002,177.01102112824552,0.0,295.01836854707585,0.22218560000000004,295.01836854707585,295.01836854707585,0,"{'load': 1, 'battery': 1}",0,1.1109280000000001,2,0,0,0,0,"{'solar': 1, 'wind': 0, 'generator': 0}",285.0,3.9676,18.720000000000002,0.6
422,-155.62692893684067,21.344853533333332,162.73976900350735,270.0,1.232948339178904,28.4576936,268.798379726504,270.0,1,"{'load': 1, 'battery': 1}",1,142.288468,2,0,0,0,0,"{'solar': 1, 'wind': 0, 'generator': 0}",285.0,508.1731,46.62,0.6
423,-449.93196774025125,0.0,149.93196774025125,0.0,249.88661290041878,0.0,262.7973018458267,0.0,0,"{'load': 0, 'battery': 1}",0,0.0,1,0,0,0,0,"{'solar': 0, 'wind': 0, 'generator': 0}",285.0,386.5144,39.06,0.6
424,-439.5818572769965,0.0015833333333333333,439.5802739436632,270.0,218.4225266040703,0.0,488.4225266040703,488.4225266040703,1,"{'load': 1, 'battery': 1}",1,0.0,2,0,0,0,0,"{'solar': 0, 'wind': 0, 'generator': 0}",285.0,0.024,21.168,0.8999999999999999
425,-176.08669772298046,0.0024654000000000004,176.08423232298045,0.0,293.47372053830077,0.0,293.49015653830077,293.49015653830077,0,"{'load': 1, 'battery': 1}",0,0.016436000000000003,0,0,0,0,0,"{'solar': 1, 'wind': 0, 'generator': 0}",285.0,0.0587,7.884,0.6
426,-124.38402987833523,0.0,124.38402987833523,0.0,207.30671646389206,0.0,207.30671646389206,207.30671646389206,0,"{'load': 1, 'battery': 1}",0,0.0,2,0,0,0,0,"{'solar': 0, 'wind': 0, 'generator': 0}",285.0,0.0626,15.515999999999998,0.6
427,-107.22679838943394,0.0880908,107.25616198943393,0.0,178.7602699823899,0.11745440000000001,448.7602699823899,448.7602699823899,1,"{'load': 1, 'battery': 0}",1,0.587272,2,0,0,0,0,"{'solar': 1, 'wind': 0, 'generator': 0}",15.0,2.0974,23.364,0.6
428,-183.11746276326906,0.0,183.11746276326906,0.0,305.1957712721151,0.0,305.1957712721151,305.1957712721151,0,"{'load': 1, 'battery': 0}",0,0.0,1,0,0,0,0,"{'solar': 0, 'wind': 0, 'generator': 0}",285.0,209.9101,7.956,0.6
429,-623.3075081487713,0.0015833333333333333,323.305924815438,270.0,268.84320802573,0.0,288.9834624672643,270.0,1,"{'load': 0, 'battery': 1}",1,0.0,0,0,0,0,0,"{'solar': 0, 'wind': 0, 'generator': 0}",285.0,323.8619,9.576,0.6
430,-665.9351883104403,0.0,665.9351883104403,270.0,469.92798701160035,0.0,469.92798701160035,469.92798701160035,0,"{'load': 1, 'battery': 0}",0,0.0,2,0,0,0,0,"{'solar': 0, 'wind': 0, 'generator': 0}",285.0,0.0263,4.86,0.8999999999999999
431,-300.0042,0.0042,0.0,0.0,0.0,0.0,34.0,0.0,0,"{'load': 0, 'battery': 0}",0,0.028,0,0,0,0,0,"{'solar': 0, 'wind': 0, 'generator': 0}",15.0,0.1,40.0,0.6
432,-629.257018280086,0.0015833333333333333,329.25543494675264,270.0,278.75905824458783,0.0,289.22809697551,270.0,1,"{'load': 0, 'battery': 1}",1,0.0,0,0,0,0,0,"{'solar': 0, 'wind': 0, 'generator': 0}",285.0,0.0711,3.3120000000000003,0.6
433,-308.426619395532,0.0,308.426619395532,0.0,514.04436565922,0.0,514.04436565922,514.04436565922,0,"{'load': 1, 'battery': 1}",0,0.0,0,0,0,0,0,"{'solar': 0, 'wind': 0, 'generator': 0}",285.0,0.7085,4.212,0.6
434,-424.84308135851563,17.988091733333334,406.8549896251823,270.0,408.0916493753038,0.0,359.04877196691,389.910056,1,"{'load': 1, 'battery': 1}",1,119.91005600000001,0,0,0,0,0,"{'solar': 1, 'wind': 0, 'generator': 0}",285.0,428.2502,13.392000000000001,0.6
435,-191.46020568608145,15.464471333333332,175.99573435274812,270.0,23.32622392124688,0.0,308.5671650590002,373.08592,1,"{'load': 1, 'battery': 1}",1,103.08592,0,0,0,0,0,"{'solar': 1, 'wind': 0, 'generator': 0}",285.0,368.164,15.408000000000001,0.6
436,-489.5411584939603,0.0007770303765432098,489.5403814635838,0.0,543.9337571817598,0.0,543.9337571817598,543.9337571817598,0,"{'load': 1, 'battery': 1}",0,0.00518,1,0,0,0,0,"{'solar': 1, 'wind': 0, 'generator': 0}",285.0,0.0185,25.776,0.8999999999999999
437,-179.72035538654157,0.0016884,179.72091818654155,0.0,299.53486364423594,0.0022512,299.53486364423594,299.53486364423594,0,"{'load': 1, 'battery': 1}",0,0.011256,2,0,0,0,0,"{'solar': 1, 'wind': 0, 'generator': 0}",285.0,0.0402,22.968,0.6
438,-146.98088555085863,0.0032466,146.98196775085862,0.0,244.96994625143103,0.0043288,244.96994625143103,244.96994625143103,0,"{'load': 1, 'battery': 1}",0,0.021644,2,0,0,0,0,"{'solar': 1, 'wind': 0, 'generator': 0}",285.0,0.0773,24.48,0.6
439,-317.0169693939181,0.060320448148456794,316.95664894576964,269.627999,258.63308257628285,0.0,528.6330825762828,528.6330825762828,1,"{'load': 1, 'battery': 1}",1,0.39158000000000004,1,0,0,0,0,"{'solar': 1, 'wind': 0, 'generator': 0}",285.0,1.3985,27.684,0.6
440,-188.1320106767618,0.0,188.1320106767618,0.0,313.55335112793637,0.0,313.55335112793637,313.55335112793637,0,"{'load': 1, 'battery': 1}",0,0.0,0,0,0,0,0,"{'solar': 0, 'wind': 0, 'generator': 0}",285.0,610.6164,6.6240000000000006,0.6
441,-180.09974898017938,0.0,180.09974898017938,0.0,300.166248300299,0.0,300.166248300299,300.166248300299,0,"{'load': 1, 'battery': 1}",0,0.0,1,0,0,0,0,"{'solar': 0, 'wind': 0, 'generator': 0}",285.0,525.7324,13.068,0.6
442,-457.62673602927634,0.0,457.62673602927634,0.0,508.4741511436404,0.0,508.4741511436404,508.4741511436404,0,"{'load': 1, 'battery': 1}",0,0.0,1,0,0,0,0,"{'solar': 0, 'wind': 0, 'generator': 0}",285.0,0.0054,3.528,0.8999999999999999
443,-172.53813716906032,0.0,172.53813716906032,0.0,287.56356194843386,0.0,287.56356194843386,287.56356194843386,0,"{'load': 1, 'battery': 1}",0,0.0,1,0,0,0,0,"{'solar': 0, 'wind': 0, 'generator': 0}",285.0,0.0858,13.212,0.6
444,-406.41059329965077,0.0035364,106.4117720996508,0.0,177.35295349941802,0.0047152,181.57028627111617,0.0,0,"{'load': 0, 'battery': 1}",0,0.023576,2,0,0,0,0,"{'solar': 1, 'wind': 0, 'generator': 0}",285.0,0.0842,7.524,0.6
445,-230.7829153213746,0.0,230.7829153213746,0.0,384.638192202291,0.0,384.638192202291,384.638192202291,0,"{'load': 1, 'battery': 1}",0,0.0,0,0,0,0,0,"{'solar': 0, 'wind': 0, 'generator': 0}",285.0,5.1691,3.204,0.6
446,-168.86116581160198,0.0,168.86116581160198,0.0,281.43527635267,0.0,281.43527635267,281.43527635267,0,"{'load': 1, 'battery': 1}",0,0.0,0,0,0,0,0,"{'solar': 0, 'wind': 0, 'generator': 0}",285.0,521.9347,1.0080000000000002,0.6
447,-93.65663613802133,23.174381999999994,70.48225413802133,0.0,117.47042356336888,0.0,271.96630356336885,271.96630356336885,0,"{'load': 1, 'battery': 1}",0,154.49587999999997,0,0,0,0,0,"{'solar': 1, 'wind': 0, 'generator': 0}",285.0,551.771,9.612,0.6
448,-427.6644959607811,0.030189589250802472,427.6343063715303,269.8188274,205.33040190170038,0.0,475.3304019017004,475.3304019017004,1,"{'load': 1, 'battery': 1}",1,0.19070800000000002,1,0,0,0,0,"{'solar': 1, 'wind': 0, 'generator': 0}",285.0,0.6811,19.944,0.8999999999999999
449,-162.61512112917103,0.0,162.61512112917103,0.0,271.0252018819517,0.0,271.0252018819517,271.0252018819517,0,"{'load': 1, 'battery': 1}",0,0.0,0,0,0,0,0,"{'solar': 1, 'wind': 0, 'generator': 0}",285.0,0.0,4.392,0.6
450,-290.5313713053153,0.004342738727222221,290.52702856658806,269.9825238,214.22919047764682,0.0,214.22919047764682,214.22919047764682,1,"{'load': 1, 'battery': 1}",1,0.018395999999999996,1,0,0,0,0,"{'solar': 1, 'wind': 0, 'generator': 0}",285.0,0.0657,7.524,0.6
451,-193.27321419818566,0.5691713333333334,192.7040428648523,270.0,51.17340477475386,0.0,324.9573247747539,324.9573247747539,1,"{'load': 1, 'battery': 1}",1,3.78392,0,0,0,0,0,"{'solar': 1, 'wind': 0, 'generator': 0}",285.0,13.514,19.008000000000003,0.6
452,-322.7775119577919,0.0,322.7775119577919,270.0,267.9625199296532,0.0,253.98299464009685,270.0,1,"{'load': 1, 'battery': 0}",1,0.0,1,0,0,0,0,"{'solar': 0, 'wind': 0, 'generator': 0}",15.0,796.5745,18.072,0.6
453,-76.51121457443335,30.241533000000004,46.26968157443334,0.0,77.1161359573889,0.0,278.72635595738893,278.72635595738893,0,"{'load': 1, 'battery': 1}",0,201.61022000000003,0,0,0,0,0,"{'solar': 1, 'wind': 0, 'generator': 0}",285.0,720.0365,5.436,0.6
454,-618.1429362764974,0.1498450579111111,317.9930912185863,0.0,353.3256569095404,0.0,434.2992822937897,0.0,0,"{'load': 0, 'battery': 1}",0,0.9989280000000001,1,0,0,0,0,"{'solar': 1, 'wind': 0, 'generator': 0}",285.0,3.5676,22.896,0.8999999999999999
455,-110.90586715639307,0.0,110.90586715639307,0.0,184.8431119273218,0.0,184.8431119273218,184.8431119273218,0,"{'load': 1, 'battery': 1}",0,0.0,2,0,0,0,0,"{'solar': 0, 'wind': 0, 'generator': 0}",285.0,0.0,18.18,0.6
456,-246.6291332874936,0.0015833333333333333,246.62754995416026,270.0,141.0459165902671,0.0,140.5269083431719,270.0,1,"{'load': 0, 'battery': 1}",1,0.0,0,0,0,0,0,"{'solar': 0, 'wind': 0, 'generator': 0}",285.0,0.0572,22.788,0.6
457,-168.22326577825524,6.774864850617285,161.44840092763795,0.0,269.0806682127299,0.0,269.0806682127299,269.0806682127299,0,"{'load': 1, 'battery': 1}",0,45.16400000000001,1,0,0,0,0,"{'solar': 1, 'wind': 0, 'generator': 0}",285.0,161.3,23.759999999999998,0.6
458,-53.687687650534315,32.5714494,21.116238250534312,0.0,35.19373041755719,0.0,252.3367264175572,252.3367264175572,0,"{'load': 1, 'battery': 1}",0,217.142996,0,0,0,0,0,"{'solar': 1, 'wind': 0, 'generator': 0}",285.0,775.5107,16.308,0.6
459,-186.95387985295636,30.5795406,197.14706005295636,0.0,328.57843342159396,40.7727208,328.57843342159396,328.57843342159396,0,"{'load': 1, 'battery': 1}",0,203.863604,2,0,0,0,0,"{'solar': 1, 'wind': 0, 'generator': 0}",285.0,728.0843,9.0,0.6
460,-816.679187857314,0.0,816.679187857314,0.0,429.83115150384947,0.0,429.83115150384947,429.83115150384947,0,"{'load': 1, 'battery': 1}",0,0.0,1,0,0,0,0,"{'solar': 0, 'wind': 0, 'generator': 0}",285.0,16.8269,6.3,1.9
461,-120.95978042351109,0.0,120.95978042351109,0.0,201.59963403918516,0.0,201.59963403918516,201.59963403918516,0,"{'load': 1, 'battery': 1}",0,0.0,1,0,0,0,0,"{'solar': 1, 'wind': 0, 'generator': 0}",285.0,0.0,1.8,0.6
462,-87.36680984085429,0.00762749818271605,87.35918234267157,0.0,145.59863723778597,0.0,145.59863723778597,145.59863723778597,0,"{'load': 1, 'battery': 1}",0,0.050848000000000004,1,0,0,0,0,"{'solar': 1, 'wind': 0, 'generator': 0}",285.0,0.1816,2.2680000000000002,0.6
463,-162.02050806977311,11.642114333333334,165.8991017364398,270.0,6.498502894066348,15.520708000000003,276.49850289406635,276.49850289406635,1,"{'load': 1, 'battery': 1}",1,77.60354000000001,2,0,0,0,0,"{'solar': 1, 'wind': 0, 'generator': 0}",285.0,277.1555,0.0,0.6
464,-530.3172961928148,0.0,530.3172961928148,0.0,279.11436641727096,0.0,279.11436641727096,279.11436641727096,0,"{'load': 1, 'battery': 0}",0,0.0,0,0,0,0,0,"{'solar': 0, 'wind': 0, 'generator': 0}",285.0,923.8011,26.28,1.9
465,-2322.070705177851,0.0,2322.070705177851,270.0,393.4487729079574,0.0,393.4487729079574,393.4487729079574,0,"{'load': 1, 'battery': 0}",0,0.0,0,0,0,0,0,"{'solar': 0, 'wind': 0, 'generator': 0}",285.0,740.8523,27.612000000000002,3.5
466,-788.9076697263113,1.0612307333333333,787.8464389929779,270.0,144.65602052262,0.0,421.72033652262,421.72033652262,1,"{'load': 1, 'battery': 1}",1,7.064316000000001,0,0,0,0,0,"{'solar': 1, 'wind': 0, 'generator': 0}",285.0,25.2297,6.912,1.9
467,-140.61455742412195,0.0,140.61455742412195,0.0,234.35759570686994,0.0,234.35759570686994,234.35759570686994,0,"{'load': 1, 'battery': 1}",0,0.0,0,0,0,0,0,"{'solar': 0, 'wind': 0, 'generator': 0}",285.0,0.0,10.368,0.6
468,-92.24466499144502,0.0,92.24466499144502,0.0,153.74110831907504,0.0,153.74110831907504,153.74110831907504,0,"{'load': 1, 'battery': 1}",0,0.0,2,0,0,0,0,"{'solar': 0, 'wind': 0, 'generator': 0}",285.0,0.0,5.184,0.6
469,-160.55004630253194,0.0,160.55004630253194,0.0,267.5834105042199,0.0,267.5834105042199,267.5834105042199,0,"{'load': 1, 'battery': 1}",0,0.0,2,0,0,0,0,"{'solar': 0, 'wind': 0, 'generator': 0}",285.0,52.2572,7.776000000000001,0.6
470,-650.0085819417627,39.63627330566296,610.3723086360998,0.0,321.24858349268413,0.0,321.24858349268413,321.24858349268413,0,"{'load': 1, 'battery': 0}",0,264.231492,1,0,0,0,0,"{'solar': 1, 'wind': 0, 'generator': 0}",285.0,943.6839,26.64,1.9
471,-1645.9884692160188,0.0,1645.9884692160188,0.0,470.2824197760054,0.0,470.2824197760054,470.2824197760054,0,"{'load': 1, 'battery': 1}",0,0.0,1,0,0,0,0,"{'solar': 0, 'wind': 0, 'generator': 0}",285.0,783.6828,8.352,3.5
472,-993.0423613965587,1.6981817999999997,993.6084219965586,0.0,522.9518010508203,2.2642424,522.9518010508203,522.9518010508203,0,"{'load': 1, 'battery': 1}",0,11.321212,2,0,0,0,0,"{'solar': 1, 'wind': 0, 'generator': 0}",285.0,40.4329,7.668,1.9
473,-313.98574336299794,0.0054516,313.9802917629979,270.0,253.3004862716632,0.0,253.33683027166322,253.33683027166322,0,"{'load': 1, 'battery': 0}",0,0.036344,0,0,0,0,0,"{'solar': 1, 'wind': 0, 'generator': 0}",285.0,0.1298,7.596,0.6
474,-98.87465630283488,0.0035994000000000004,98.87585610283487,0.0,164.7930935047248,0.004799200000000001,164.7930935047248,164.7930935047248,0,"{'load': 1, 'battery': 1}",0,0.023996000000000003,2,0,0,0,0,"{'solar': 1, 'wind': 0, 'generator': 0}",285.0,0.0857,0.36000000000000004,0.6
475,-174.92162878659346,0.0,174.92162878659346,0.0,291.53604797765576,0.0,291.53604797765576,291.53604797765576,0,"{'load': 1, 'battery': 1}",0,0.0,1,0,0,0,0,"{'solar': 0, 'wind': 0, 'generator': 0}",285.0,68.6102,1.296,0.6
476,-704.0421166128467,38.456119799999996,716.8608232128466,0.0,377.29517011202455,51.274826399999995,377.29517011202455,377.29517011202455,0,"{'load': 1, 'battery': 1}",0,256.374132,2,0,0,0,0,"{'solar': 1, 'wind': 0, 'generator': 0}",285.0,915.6219,10.476,1.9
477,-1882.764882309462,0.0,1882.764882309462,0.0,537.9328235169892,0.0,537.9328235169892,537.9328235169892,0,"{'load': 1, 'battery': 1}",0,0.0,1,0,0,0,0,"{'solar': 0, 'wind': 0, 'generator': 0}",285.0,807.6685,5.688000000000001,3.5
478,-1133.1329459904591,3.0153563333333335,1134.1359536571258,270.0,326.91365981953993,4.018364000000001,596.9136598195399,596.9136598195399,1,"{'load': 1, 'battery': 1}",1,20.091820000000002,2,0,0,0,0,"{'solar': 1, 'wind': 0, 'generator': 0}",285.0,71.7565,12.564000000000002,1.9
479,-170.2170897392559,0.0008736,170.2173809392559,0.0,283.6956348987598,0.0011648000000000001,283.6956348987598,283.6956348987598,0,"{'load': 1, 'battery': 1}",0,0.005824,2,0,0,0,0,"{'solar': 1, 'wind': 0, 'generator': 0}",285.0,0.0208,19.872,0.6
480,-298.1155779549036,0.0015833333333333333,298.11399462157027,270.0,226.8566577026171,0.0,177.28308591717004,270.0,1,"{'load': 1, 'battery': 1}",1,0.0,2,0,0,0,0,"{'solar': 0, 'wind': 0, 'generator': 0}",285.0,0.061,25.128000000000004,0.6
481,-174.88076779628233,0.0,174.88076779628233,0.0,291.4679463271372,0.0,291.4679463271372,291.4679463271372,0,"{'load': 1, 'battery': 1}",0,0.0,1,0,0,0,0,"{'solar': 0, 'wind': 0, 'generator': 0}",285.0,59.5652,1.296,0.6
482,-502.90720008278646,18.5380188,484.3691812827865,0.0,254.93114804357185,0.0,378.51794004357185,378.51794004357185,0,"{'load': 1, 'battery': 1}",0,123.586792,0,0,0,0,0,"{'solar': 1, 'wind': 0, 'generator': 0}",285.0,441.3814,4.86,1.9
483,-2878.72776714382,31.5303366,2889.23787934382,270.0,555.4965369553772,42.04044880000001,555.4965369553772,555.4965369553772,0,"{'load': 1, 'battery': 0}",0,210.202244,2,0,0,0,0,"{'solar': 1, 'wind': 0, 'generator': 0}",285.0,750.7223,20.16,3.5
484,-1132.7947210116913,0.0,1132.7947210116913,0.0,596.2077479008902,0.0,596.2077479008902,596.2077479008902,0,"{'load': 1, 'battery': 1}",0,0.0,1,0,0,0,0,"{'solar': 0, 'wind': 0, 'generator': 0}",285.0,22.973,2.4120000000000004,1.9
485,-147.27095289145475,0.0022722888308641977,147.2686806026239,0.0,245.4478010043732,0.0,245.4478010043732,245.4478010043732,0,"{'load': 1, 'battery': 1}",0,0.015148000000000003,1,0,0,0,0,"{'solar': 1, 'wind': 0, 'generator': 0}",285.0,0.0541,29.340000000000003,0.6
486,-259.33791200527236,0.0016547999999999999,259.33846360527235,270.0,162.23077267545392,0.0022064000000000003,162.23077267545392,162.23077267545392,0,"{'load': 1, 'battery': 0}",0,0.011032,2,0,0,0,0,"{'solar': 1, 'wind': 0, 'generator': 0}",285.0,0.0394,6.8759999999999994,0.6
487,-179.77953110864362,2.8264920963999995,176.95303901224364,0.0,294.92173168707274,0.0,294.92173168707274,294.92173168707274,0,"{'load': 1, 'battery': 1}",0,18.842543999999997,1,0,0,0,0,"{'solar': 1, 'wind': 0, 'generator': 0}",285.0,67.2948,10.08,0.6
488,-1524.6156662952856,35.4805584,1236.4425190952854,270.0,380.75922057646613,47.307411200000004,402.33194023853645,270.0,1,"{'load': 0, 'battery': 0}",1,236.537056,2,0,0,0,0,"{'solar': 1, 'wind': 0, 'generator': 0}",15.0,844.7752,24.984,1.9
489,-2940.2334672770685,28.301788133333332,2611.931679143735,270.0,476.26619404106714,0.0,521.0307089830686,458.66803200000004,1,"{'load': 0, 'battery': 1}",1,188.668032,0,0,0,0,0,"{'solar': 1, 'wind': 0, 'generator': 0}",285.0,673.8144,5.472,3.5
490,-1217.318981827405,0.08385207803950617,1217.2351297493656,0.0,640.6500682891398,0.0,640.6500682891398,640.6500682891398,0,"{'load': 1, 'battery': 1}",0,0.558992,1,0,0,0,0,"{'solar': 1, 'wind': 0, 'generator': 0}",285.0,1.9964,4.572,1.9
491,-150.60154230515755,0.0015582000000000003,150.59998410515755,0.0,250.99997350859593,0.0,251.01036150859593,251.01036150859593,0,"{'load': 1, 'battery': 0}",0,0.010388000000000001,0,0,0,0,0,"{'solar': 1, 'wind': 0, 'generator': 0}",285.0,0.0371,4.824000000000001,0.6
492,-98.36372635272973,0.0012306481098765432,98.36249570461985,0.0,163.93749284103308,0.0,163.93749284103308,163.93749284103308,0,"{'load': 1, 'battery': 1}",0,0.008204,1,0,0,0,0,"{'solar': 1, 'wind': 0, 'generator': 0}",285.0,0.0293,15.3,0.6
493,-183.50717173706468,2.1924671333333334,184.23588300373135,270.0,37.05980500621894,2.9211784,307.05980500621894,307.05980500621894,1,"{'load': 1, 'battery': 1}",1,14.605891999999999,2,0,0,0,0,"{'solar': 1, 'wind': 0, 'generator': 0}",285.0,52.1639,1.836,0.6
494,-268.05652726262423,33.13518350053216,234.92134376209205,60.15427579999999,63.48853670636424,0.0,333.48853670636424,333.48853670636424,1,"{'load': 1, 'battery': 1}",1,220.89023600000002,1,0,0,0,0,"{'solar': 1, 'wind': 0, 'generator': 0}",285.0,788.8937,2.9160000000000004,1.9
495,-1696.2817719871525,0.0015833333333333333,1396.280188653819,270.0,128.93719675823405,0.0,436.8583455419673,0.0,0,"{'load': 0, 'battery': 1}",0,0.0,1,0,0,0,0,"{'solar': 0, 'wind': 0, 'generator': 0}",285.0,572.8414,7.992000000000001,3.5
496,-254.12106226796695,0.0007476,254.12031466796694,0.0,282.35590518662997,0.0,552.36088918663,552.36088918663,1,"{'load': 1, 'battery': 0}",1,0.004984,0,0,0,0,0,"{'solar': 1, 'wind': 0, 'generator': 0}",15.0,0.0178,21.240000000000002,0.8999999999999999
497,-132.41949822980104,0.0028223999999999996,132.42043902980103,0.0,220.70073171633504,0.0037632,220.70073171633504,220.70073171633504,0,"{'load': 1, 'battery': 1}",0,0.018816,2,0,0,0,0,"{'solar': 1, 'wind': 0, 'generator': 0}",285.0,0.0672,12.6,0.6
498,-87.474315569638,0.0017850697839506176,87.47253049985405,0.0,145.78755083309008,0.0,145.78755083309008,145.78755083309008,0,"{'load': 1, 'battery': 1}",0,0.011900000000000003,1,0,0,0,0,"{'solar': 1, 'wind': 0, 'generator': 0}",285.0,0.0425,2.088,0.6
499,-176.30122815668096,0.6137123333333334,176.50368782334763,270.0,24.17281303891275,0.8161720000000001,294.17281303891275,294.17281303891275,1,"{'load': 1, 'battery': 1}",1,4.08086,2,0,0,0,0,"{'solar': 1, 'wind': 0, 'generator': 0}",285.0,14.5745,11.268,0.6
500,-366.3171917352348,27.96765014275556,338.3495415924793,270.0,293.91590265413225,0.0,293.91590265413225,293.91590265413225,0,"{'load': 1, 'battery': 0}",0,186.44371200000003,1,0,0,0,0,"{'solar': 1, 'wind': 0, 'generator': 0}",285.0,665.8704,13.212,0.6
501,-215.78006079901323,0.0,215.78006079901323,0.0,359.63343466502204,0.0,359.63343466502204,359.63343466502204,0,"{'load': 1, 'battery': 1}",0,0.0,2,0,0,0,0,"{'solar': 0, 'wind': 0, 'generator': 0}",285.0,440.8818,15.156,0.6
502,-744.3684099561116,0.0009744380938271603,444.3674355180177,0.0,493.7415950200197,0.0,494.71102034387,0.0,0,"{'load': 0, 'battery': 1}",0,0.006495999999999999,1,0,0,0,0,"{'solar': 1, 'wind': 0, 'generator': 0}",285.0,0.0232,3.204,0.8999999999999999
503,-110.93904198289151,0.0025956,110.9364463828915,0.0,184.89407730481918,0.0,184.91138130481917,184.91138130481917,0,"{'load': 1, 'battery': 1}",0,0.017304,0,0,0,0,0,"{'solar': 1, 'wind': 0, 'generator': 0}",285.0,0.0618,15.947999999999999,0.6
504,-383.4012683728318,0.007434290629629629,83.39383408220215,0.0,138.9897234703369,0.0,135.9288990043561,0.0,0,"{'load': 0, 'battery': 1}",0,0.04956,1,0,0,0,0,"{'solar': 1, 'wind': 0, 'generator': 0}",285.0,0.177,9.18,0.6
505,-183.15632670657658,0.0,183.15632670657658,0.0,305.260544510961,0.0,305.260544510961,305.260544510961,0,"{'load': 1, 'battery': 1}",0,0.0,1,0,0,0,0,"{'solar': 0, 'wind': 0, 'generator': 0}",285.0,7.7147,8.208,0.6
506,-276.17606684527664,14.718887407259258,261.45717943801736,229.989743,205.7722227300289,0.0,261.28920894579375,270.0,1,"{'load': 1, 'battery': 0}",1,98.12208,1,0,0,0,0,"{'solar': 1, 'wind': 0, 'generator': 0}",108.215976,350.436,29.556000000000004,0.6
507,-118.25998598564996,13.680403800000002,104.57958218564995,0.0,174.29930364274992,0.0,265.50199564274993,265.50199564274993,0,"{'load': 1, 'battery': 1}",0,91.20269200000001,0,0,0,0,0,"{'solar': 1, 'wind': 0, 'generator': 0}",285.0,325.7239,6.3,0.6
508,-430.50707247402926,0.0,430.50707247402926,0.0,478.3411916378103,0.0,478.3411916378103,478.3411916378103,0,"{'load': 1, 'battery': 1}",0,0.0,0,0,0,0,0,"{'solar': 0, 'wind': 0, 'generator': 0}",285.0,0.0402,20.196,0.8999999999999999
509,-156.0214609661202,0.0042504000000000005,156.0172105661202,0.0,260.028684276867,0.0,260.05702027686704,260.05702027686704,0,"{'load': 1, 'battery': 1}",0,0.028336000000000004,0,0,0,0,0,"{'solar': 1, 'wind': 0, 'generator': 0}",285.0,0.1012,42.804,0.6
510,-243.7879233559223,0.0024024000000000003,243.7855209559223,270.0,136.30920159320385,0.0,136.32521759320386,136.32521759320386,0,"{'load': 1, 'battery': 0}",0,0.016016000000000002,0,0,0,0,0,"{'solar': 1, 'wind': 0, 'generator': 0}",285.0,0.0572,25.452,0.6
511,-174.84096798664788,2.1102353333333337,172.73073265331456,270.0,17.884554422190945,0.0,301.94223442219095,301.94223442219095,1,"{'load': 1, 'battery': 1}",1,14.057680000000001,0,0,0,0,0,"{'solar': 1, 'wind': 0, 'generator': 0}",285.0,50.206,11.376000000000001,0.6
512,-171.7808215430544,0.0,171.7808215430544,0.0,286.301369238424,0.0,286.301369238424,286.301369238424,0,"{'load': 1, 'battery': 1}",0,0.0,0,0,0,0,0,"{'solar': 0, 'wind': 0, 'generator': 0}",285.0,511.9336,8.568,0.6
513,-175.80778944449378,14.589796133333332,180.66894371116047,270.0,31.114906185267444,19.4509504,301.11490618526744,301.11490618526744,1,"{'load': 1, 'battery': 1}",1,97.254752,2,0,0,0,0,"{'solar': 1, 'wind': 0, 'generator': 0}",285.0,347.3384,7.920000000000001,0.6
514,-235.91162664144917,0.0,235.91162664144917,0.0,262.12402960161023,0.0,532.1240296016102,532.1240296016102,1,"{'load': 1, 'battery': 0}",1,0.0,2,0,0,0,0,"{'solar': 0, 'wind': 0, 'generator': 0}",15.0,0.041,25.272,0.8999999999999999
515,-192.53850414691942,0.003343330701234568,192.5351608162182,0.0,320.891934693697,0.0,320.891934693697,320.891934693697,0,"{'load': 1, 'battery': 1}",0,0.022288000000000002,1,0,0,0,0,"{'solar': 1, 'wind': 0, 'generator': 0}",285.0,0.0796,5.796,0.6
516,-160.5116007879516,0.0036708000000000005,160.5079299879516,0.0,267.513216646586,0.0,267.537688646586,267.537688646586,0,"{'load': 1, 'battery': 1}",0,0.024472000000000004,0,0,0,0,0,"{'solar': 1, 'wind': 0, 'generator': 0}",285.0,0.0874,16.128000000000004,0.6
517,-447.78538178436037,0.03688433333333333,447.74849745102705,270.0,476.24749575171177,0.0,476.4828357517118,476.4828357517118,1,"{'load': 1, 'battery': 1}",1,0.23534000000000002,0,0,0,0,0,"{'solar': 1, 'wind': 0, 'generator': 0}",285.0,0.8405,8.568,0.6
518,-231.45056231878317,14.040125400000003,217.41043691878318,0.0,362.350728197972,0.0,330.1999257929103,363.600836,1,"{'load': 1, 'battery': 0}",1,93.60083600000002,0,0,0,0,0,"{'solar': 1, 'wind': 0, 'generator': 0}",15.0,334.2887,15.264000000000001,0.6
519,-196.85052604908412,0.0,196.85052604908412,0.0,328.0842100818069,0.0,328.0842100818069,328.0842100818069,0,"{'load': 1, 'battery': 1}",0,0.0,2,0,0,0,0,"{'solar': 0, 'wind': 0, 'generator': 0}",285.0,383.5784,14.832,0.6
520,-492.30230946283086,0.002205086203703704,492.30010437662713,0.0,547.0001159740302,0.0,547.0001159740302,547.0001159740302,0,"{'load': 1, 'battery': 1}",0,0.014700000000000001,1,0,0,0,0,"{'solar': 1, 'wind': 0, 'generator': 0}",285.0,0.0525,24.12,0.8999999999999999
521,-535.0428605412436,0.004120361077777778,235.03874018016586,0.0,391.7312336336098,0.0,323.0269512777399,0.0,0,"{'load': 0, 'battery': 1}",0,0.027468000000000003,1,0,0,0,0,"{'solar': 1, 'wind': 0, 'generator': 0}",285.0,0.0981,49.608,0.6
522,-174.10027130173495,0.0025913333333333335,174.09767996840162,270.0,20.162799947336055,0.0,290.169519947336,290.169519947336,1,"{'load': 1, 'battery': 1}",1,0.00672,0,0,0,0,0,"{'solar': 1, 'wind': 0, 'generator': 0}",285.0,0.024,4.392,0.6
523,-283.79827465085975,0.0437304,283.75454425085974,0.0,472.92424041809954,0.0,473.21577641809955,473.21577641809955,0,"{'load': 1, 'battery': 1}",0,0.291536,0,0,0,0,0,"{'solar': 1, 'wind': 0, 'generator': 0}",285.0,1.0412,19.152,0.6
524,-236.66907009586697,23.59291032051852,213.07615977534846,0.0,355.1269329589141,0.0,355.1269329589141,355.1269329589141,0,"{'load': 1, 'battery': 1}",0,157.27992,1,0,0,0,0,"{'solar': 1, 'wind': 0, 'generator': 0}",285.0,561.714,25.236,0.6
525,-380.7881510273691,20.59502753333333,360.1931234940358,270.0,330.32187249005966,0.0,334.1773283479782,407.289628,1,"{'load': 1, 'battery': 1}",1,137.289628,0,0,0,0,0,"{'solar': 1, 'wind': 0, 'generator': 0}",285.0,490.3201,26.676000000000002,0.6
526,-793.3965635110341,0.0,493.39656351103406,0.0,548.218403901149,0.0,565.4659696534096,0.0,0,"{'load': 0, 'battery': 0}",0,0.0,1,0,0,0,0,"{'solar': 0, 'wind': 0, 'generator': 0}",285.0,0.0031,22.14,0.8999999999999999
527,-345.7375823559211,0.0015833333333333333,345.7359990225878,270.0,306.22666503764634,0.0,306.22666503764634,306.22666503764634,0,"{'load': 1, 'battery': 1}",0,0.0,2,0,0,0,0,"{'solar': 0, 'wind': 0, 'generator': 0}",285.0,0.027,6.48,0.6
528,-140.4777149528837,0.0,140.4777149528837,0.0,234.12952492147286,0.0,234.12952492147286,234.12952492147286,0,"{'load': 1, 'battery': 1}",0,0.0,0,0,0,0,0,"{'solar': 0, 'wind': 0, 'generator': 0}",285.0,0.0641,8.64,0.6
529,-257.8461595143898,0.26079104001407405,257.58536847437574,268.3583544,160.9505930572929,0.0,430.9505930572929,430.9505930572929,1,"{'load': 1, 'battery': 1}",1,1.728048,1,0,0,0,0,"{'solar': 1, 'wind': 0, 'generator': 0}",285.0,6.1716,25.56,0.6
530,-196.09112035636926,28.249653533333333,167.84146682303592,270.0,9.73577803839322,0.0,266.13433165368815,458.320468,1,"{'load': 1, 'battery': 1}",1,188.320468,0,0,0,0,0,"{'solar': 1, 'wind': 0, 'generator': 0}",285.0,672.5731,21.996000000000002,0.6
531,-356.47359459208144,21.183166916125934,335.2904276759555,270.0,288.81737945992586,0.0,288.81737945992586,288.81737945992586,0,"{'load': 1, 'battery': 0}",0,141.21559200000004,1,0,0,0,0,"{'solar': 1, 'wind': 0, 'generator': 0}",285.0,504.3414,5.976,0.6
532,-424.185695796183,0.0103866,424.175309196183,0.0,471.30589910687,0.0,471.37514310687004,471.37514310687004,0,"{'load': 1, 'battery': 1}",0,0.069244,0,0,0,0,0,"{'solar': 1, 'wind': 0, 'generator': 0}",285.0,0.2473,31.895999999999997,0.8999999999999999
533,-172.8255753205057,0.0016169333333333332,172.82400318717237,270.0,18.040005311953962,4.4800000000000005e-05,288.04000531195396,288.04000531195396,1,"{'load': 1, 'battery': 1}",1,0.00022400000000000002,2,0,0,0,0,"{'solar': 1, 'wind': 0, 'generator': 0}",285.0,0.0008,15.48,0.6
534,-153.84594126806283,0.0009072000000000002,153.84624366806284,0.0,256.41040611343806,0.0012096000000000003,256.41040611343806,256.41040611343806,0,"{'load': 1, 'battery': 1}",0,0.006048000000000001,2,0,0,0,0,"{'solar': 1, 'wind': 0, 'generator': 0}",285.0,0.0216,5.796,0.6
535,-183.1368440877852,0.0,183.1368440877852,0.0,305.228073479642,0.0,305.228073479642,305.228073479642,0,"{'load': 1, 'battery': 1}",0,0.0,1,0,0,0,0,"{'solar': 0, 'wind': 0, 'generator': 0}",285.0,18.1429,3.708,0.6
536,-436.23171299026455,32.213827800000004,104.01788519026458,0.0,173.3631419837743,0.0,269.6006334715938,214.75885200000002,0,"{'load': 0, 'battery': 0}",0,214.75885200000002,0,0,0,0,0,"{'solar': 1, 'wind': 0, 'generator': 0}",15.0,766.9959,23.759999999999998,0.6
537,-303.4804546675478,26.9777802,12.47304806754783,0.0,20.78841344591305,35.97037360000001,234.80457844273585,0.0,0,"{'load': 0, 'battery': 1}",0,179.85186800000002,2,0,0,0,0,"{'solar': 1, 'wind': 0, 'generator': 0}",285.0,642.3281,19.296000000000003,0.6
538,-432.10473670066034,0.058455644503271606,432.04628105615706,269.6398094,210.41161399573014,0.0,480.41161399573014,480.41161399573014,1,"{'load': 1, 'battery': 1}",1,0.37914800000000004,1,0,0,0,0,"{'solar': 1, 'wind': 0, 'generator': 0}",285.0,1.3541,9.360000000000001,0.8999999999999999
539,-157.6865670191945,0.0,157.6865670191945,0.0,262.81094503199085,0.0,262.81094503199085,262.81094503199085,0,"{'load': 1, 'battery': 1}",0,0.0,1,0,0,0,0,"{'solar': 1, 'wind': 0, 'generator': 0}",285.0,0.0,10.08,0.6
540,-243.84281834692555,0.0015833333333333333,243.8412350135922,270.0,136.40205835598707,0.0,139.070569796618,270.0,1,"{'load': 1, 'battery': 1}",1,0.0,0,0,0,0,0,"{'solar': 1, 'wind': 0, 'generator': 0}",285.0,0.0,25.236,0.6
541,-169.58019383947678,0.0015833333333333333,169.57861050614343,270.0,12.631017510239076,0.0,282.6310175102391,282.6310175102391,1,"{'load': 1, 'battery': 1}",1,0.0,0,0,0,0,0,"{'solar': 0, 'wind': 0, 'generator': 0}",285.0,94.5116,22.176000000000002,0.6
542,-210.10358568116283,0.0006843902083950615,210.10290129095443,116.70654079999997,233.46496135159077,0.0,233.46496135159077,233.46496135159077,0,"{'load': 1, 'battery': 1}",0,0.0,1,0,0,0,0,"{'solar': 0, 'wind': 0, 'generator': 0}",285.0,802.6295,2.9160000000000004,0.6
543,-259.01392836819844,25.769881199999997,233.24404716819845,270.0,118.74007861366411,0.0,290.5392866136641,290.5392866136641,0,"{'load': 1, 'battery': 0}",0,171.799208,0,0,0,0,0,"{'solar': 1, 'wind': 0, 'generator': 0}",285.0,613.5686,10.296,0.6
544,-652.1187150361071,0.0015833333333333333,652.1171317027738,270.0,454.57459078085975,0.0,454.57459078085975,454.57459078085975,1,"{'load': 1, 'battery': 1}",1,0.0,0,0,0,0,0,"{'solar': 0, 'wind': 0, 'generator': 0}",285.0,5.3928,26.676000000000002,0.8999999999999999
545,-116.4009097425847,0.00019320755308641977,116.40071653503162,0.0,194.0011942250527,0.0,194.0011942250527,194.0011942250527,0,"{'load': 1, 'battery': 0}",0,0.001288,1,0,0,0,0,"{'solar': 1, 'wind': 0, 'generator': 0}",285.0,0.0046,17.424,0.6
546,-246.6272287660226,0.0037587883058641967,246.62346997771672,269.960765,141.0783516295279,0.0,141.0783516295279,141.0783516295279,0,"{'load': 1, 'battery': 1}",0,0.014504,1,0,0,0,0,"{'solar': 1, 'wind': 0, 'generator': 0}",285.0,0.0518,16.344,0.6
547,-327.961513653112,0.0015833333333333333,327.95993031977866,270.0,276.5998838662978,0.0,258.43311425331586,270.0,1,"{'load': 1, 'battery': 1}",1,0.0,0,0,0,0,0,"{'solar': 0, 'wind': 0, 'generator': 0}",285.0,240.9805,3.3120000000000003,0.6
548,-1007.4131231228092,37.82087393333334,1020.0179699894759,270.0,266.85156315235577,50.42572080000001,266.85156315235577,266.85156315235577,1,"{'load': 1, 'battery': 1}",1,252.12860400000002,2,0,0,0,0,"{'solar': 1, 'wind': 0, 'generator': 0}",285.0,900.4593,19.188000000000002,1.9
549,-1339.4186843050932,33.44765897340863,1305.9710253316846,0.0,373.1345786661956,0.0,373.1345786661956,373.1345786661956,0,"{'load': 1, 'battery': 1}",0,222.97567599999996,1,0,0,0,0,"{'solar': 1, 'wind': 0, 'generator': 0}",285.0,796.3417,8.424,3.5
550,-914.9383179443015,0.0,914.9383179443015,0.0,481.5464831285798,0.0,481.5464831285798,481.5464831285798,0,"{'load': 1, 'battery': 0}",0,0.0,0,0,0,0,0,"{'solar': 0, 'wind': 0, 'generator': 0}",285.0,25.3061,16.848,1.9
551,-131.39371597850933,0.002692305250617285,131.39102367325873,0.0,218.98503945543123,0.0,218.98503945543123,218.98503945543123,0,"{'load': 1, 'battery': 1}",0,0.017948000000000006,1,0,0,0,0,"{'solar': 1, 'wind': 0, 'generator': 0}",285.0,0.0641,4.464,0.6
552,-255.75543597580588,0.004926539868395061,255.7505094359375,269.9788264,156.2720226598958,0.0,153.8561076533169,270.0,1,"{'load': 1, 'battery': 1}",1,0.022288000000000002,1,0,0,0,0,"{'solar': 1, 'wind': 0, 'generator': 0}",285.0,0.0796,4.392,0.6
553,-318.62330873692787,0.0,318.62330873692787,259.3518072,271.68704069487984,0.0,271.68704069487984,271.68704069487984,0,"{'load': 1, 'battery': 0}",0,0.0,1,0,0,0,0,"{'solar': 0, 'wind': 0, 'generator': 0}",285.0,104.3477,3.8160000000000003,0.6
554,-124.13759636650207,39.924045,84.21355136650207,0.0,44.3229217718432,0.0,310.4832217718432,310.4832217718432,0,"{'load': 1, 'battery': 1}",0,266.1603,0,0,0,0,0,"{'solar': 1, 'wind': 0, 'generator': 0}",285.0,950.5725,6.3,1.9
555,-1545.6849084633293,0.0,1545.6849084633293,0.0,441.6242595609512,0.0,441.6242595609512,441.6242595609512,0,"{'load': 1, 'battery': 1}",0,0.0,1,0,0,0,0,"{'solar': 0, 'wind': 0, 'generator': 0}",285.0,757.1897,7.272,3.5
556,-1244.0435278905948,0.0,944.0435278905946,0.0,496.86501467926036,0.0,503.61569712895005,0.0,0,"{'load': 0, 'battery': 1}",0,0.0,0,0,0,0,0,"{'solar': 0, 'wind': 0, 'generator': 0}",285.0,63.8234,6.372,1.9
557,-306.506090527149,0.0,306.506090527149,269.9967016,240.84678261191505,0.0,240.84678261191505,240.84678261191505,0,"{'load': 1, 'battery': 0}",0,0.0,1,0,0,0,0,"{'solar': 0, 'wind': 0, 'generator': 0}",285.0,0.1337,11.124,0.6
558,-258.7558658348243,0.0015833333333333333,258.754282501491,270.0,161.25713750248497,0.0,155.93811134293293,270.0,1,"{'load': 1, 'battery': 1}",1,0.0,0,0,0,0,0,"{'solar': 1, 'wind': 0, 'generator': 0}",285.0,0.0,24.984,0.6
559,-163.3864965508422,0.0,163.3864965508422,0.0,272.310827584737,0.0,272.310827584737,272.310827584737,0,"{'load': 1, 'battery': 1}",0,0.0,1,0,0,0,0,"{'solar': 0, 'wind': 0, 'generator': 0}",285.0,69.0391,5.04,0.6
560,-650.0692406090403,30.7455792,660.3177670090404,0.0,347.53566684686336,40.99410560000001,347.53566684686336,347.53566684686336,0,"{'load': 1, 'battery': 1}",0,204.97052800000003,2,0,0,0,0,"{'solar': 1, 'wind': 0, 'generator': 0}",285.0,732.0376,4.464,1.9
561,-2857.3481369877545,0.0015833333333333333,2557.3465536544213,270.0,460.6704439012632,0.0,516.1012319828349,270.0,1,"{'load': 0, 'battery': 1}",1,0.0,0,0,0,0,0,"{'solar': 0, 'wind': 0, 'generator': 0}",285.0,777.2359,13.716000000000001,3.5
562,-1079.5519880271756,2.4219342,1080.3592994271758,0.0,568.6101575932504,3.2292456000000005,568.6101575932504,568.6101575932504,0,"{'load': 1, 'battery': 1}",0,16.146228,2,0,0,0,0,"{'solar': 1, 'wind': 0, 'generator': 0}",285.0,57.6651,6.12,1.9
563,-330.6671538398412,0.001394454513580247,330.66575938532765,270.0,281.1095989755461,0.0,281.1095989755461,281.1095989755461,0,"{'load': 1, 'battery': 0}",0,0.009296,1,0,0,0,0,"{'solar': 1, 'wind': 0, 'generator': 0}",285.0,0.0332,5.508,0.6
564,-108.85223331603187,0.0,108.85223331603187,0.0,181.42038886005312,0.0,181.42038886005312,181.42038886005312,0,"{'load': 1, 'battery': 1}",0,0.0,1,0,0,0,0,"{'solar': 0, 'wind': 0, 'generator': 0}",285.0,0.0602,11.735999999999999,0.6
565,-178.9534485623514,0.0,178.9534485623514,0.0,298.255747603919,0.0,298.255747603919,298.255747603919,0,"{'load': 1, 'battery': 1}",0,0.0,2,0,0,0,0,"{'solar': 0, 'wind': 0, 'generator': 0}",285.0,235.5453,2.16,0.6
566,-753.1776180517538,17.6655108,759.0661216517539,0.0,399.50848507987047,23.5540144,399.50848507987047,399.50848507987047,0,"{'load': 1, 'battery': 1}",0,117.770072,2,0,0,0,0,"{'solar': 1, 'wind': 0, 'generator': 0}",285.0,420.6074,7.416,1.9
567,-1145.5303235730373,32.8089384,812.7213851730373,0.0,232.20611004943925,0.0,535.6497585079967,218.72625600000003,0,"{'load': 0, 'battery': 1}",0,218.72625600000003,0,0,0,0,0,"{'solar': 1, 'wind': 0, 'generator': 0}",285.0,781.1652,16.128000000000004,3.5
568,-1116.9732140953442,0.0,1116.9732140953442,0.0,587.8806389975497,0.0,587.8806389975497,587.8806389975497,0,"{'load': 1, 'battery': 0}",0,0.0,2,0,0,0,0,"{'solar': 0, 'wind': 0, 'generator': 0}",285.0,38.3886,23.040000000000003,1.9
569,-168.02906351608164,0.005380140755061728,168.02368337532658,269.9759536,10.063518692210948,0.0,280.06351869221095,280.06351869221095,1,"{'load': 1, 'battery': 1}",1,0.025311999999999998,1,0,0,0,0,"{'solar': 1, 'wind': 0, 'generator': 0}",285.0,0.0904,17.64,0.6
570,-107.93413883559666,0.0019782,107.93479823559666,0.0,179.8913303926611,0.0026376000000000004,179.8913303926611,179.8913303926611,0,"{'load': 1, 'battery': 1}",0,0.013188,2,0,0,0,0,"{'solar': 1, 'wind': 0, 'generator': 0}",285.0,0.0471,1.836,0.6
571,-130.02447083199277,4.624477199999999,131.56596323199278,0.0,219.27660538665467,6.1659696,219.27660538665467,219.27660538665467,0,"{'load': 1, 'battery': 0}",0,30.829848,2,0,0,0,0,"{'solar': 1, 'wind': 0, 'generator': 0}",285.0,110.1066,13.356,0.6
572,-129.98875618834902,35.7041706,94.28458558834902,0.0,49.623466099131065,0.0,287.65127009913107,287.65127009913107,0,"{'load': 1, 'battery': 1}",0,238.027804,0,0,0,0,0,"{'solar': 1, 'wind': 0, 'generator': 0}",285.0,850.0993,5.688000000000001,1.9
573,-1939.115916399153,0.0,1939.115916399153,30.636575000000022,523.3965439711866,0.0,523.3965439711866,523.3965439711866,0,"{'load': 1, 'battery': 0}",0,0.0,1,0,0,0,0,"{'solar': 0, 'wind': 0, 'generator': 0}",285.0,707.7521,26.136,3.5
574,-1123.7278355113697,0.3821537333333333,1123.8531089780363,270.0,321.5016363042297,0.5074272,591.5016363042297,591.5016363042297,1,"{'load': 1, 'battery': 1}",1,2.537136,2,0,0,0,0,"{'solar': 1, 'wind': 0, 'generator': 0}",285.0,9.0612,16.92,1.9
575,-158.7475145394287,0.0019782,158.7455363394287,0.0,264.57589389904786,0.0,264.58908189904787,264.58908189904787,0,"{'load': 1, 'battery': 1}",0,0.013188,0,0,0,0,0,"{'solar': 1, 'wind': 0, 'generator': 0}",285.0,0.0471,10.692,0.6
576,-104.779809555348,0.0,104.779809555348,0.0,174.63301592558,0.0,174.63301592558,174.63301592558,0,"{'load': 1, 'battery': 1}",0,0.0,2,0,0,0,0,"{'solar': 0, 'wind': 0, 'generator': 0}",285.0,0.027,12.816,0.6
577,-181.67134622436578,0.0015833333333333333,181.66976289103243,270.0,32.782938151720714,0.0,302.7829381517207,302.7829381517207,1,"{'load': 1, 'battery': 1}",1,0.0,1,0,0,0,0,"{'solar': 0, 'wind': 0, 'generator': 0}",285.0,137.1789,1.836,0.6
578,-302.1677375680079,32.9057988,269.2619387680079,0.0,141.7168098778989,0.0,361.0888018778989,361.0888018778989,0,"{'load': 1, 'battery': 0}",0,219.371992,0,0,0,0,0,"{'solar': 1, 'wind': 0, 'generator': 0}",285.0,783.4714,7.704000000000001,1.9
579,-1076.4214097496808,25.78722293726284,1050.634186812418,106.69126840000001,193.4899278321194,0.0,463.4899278321194,463.4899278321194,1,"{'load': 1, 'battery': 1}",1,171.903928,1,0,0,0,0,"{'solar': 1, 'wind': 0, 'generator': 0}",285.0,613.9426,5.688000000000001,3.5
580,-1094.4286908439988,0.0,1094.4286908439988,0.0,576.0151004442099,0.0,576.0151004442099,576.0151004442099,0,"{'load': 1, 'battery': 1}",0,0.0,2,0,0,0,0,"{'solar': 0, 'wind': 0, 'generator': 0}",285.0,0.2224,10.836,1.9
581,-131.55797474284873,0.001915274874074074,131.55605946797465,0.0,219.2600991132911,0.0,219.2600991132911,219.2600991132911,0,"{'load': 1, 'battery': 1}",0,0.012768,1,0,0,0,0,"{'solar': 1, 'wind': 0, 'generator': 0}",285.0,0.0456,4.032000000000001,0.6
582,-249.45295094865645,0.0015833333333333333,249.4513676153231,270.0,145.7522793588719,0.0,144.20273260124807,270.0,1,"{'load': 1, 'battery': 1}",1,0.0,2,0,0,0,0,"{'solar': 0, 'wind': 0, 'generator': 0}",285.0,0.0788,18.791999999999998,0.6
583,-182.32018789819048,3.1340166563906173,179.18617124179985,250.1612944,48.48232433633308,0.0,318.4823243363331,318.4823243363331,1,"{'load': 1, 'battery': 1}",1,20.882848,1,0,0,0,0,"{'solar': 1, 'wind': 0, 'generator': 0}",285.0,74.5816,6.8759999999999994,0.6
584,-186.23872721306512,0.0,186.23872721306512,0.0,310.3978786884419,0.0,310.3978786884419,310.3978786884419,0,"{'load': 1, 'battery': 1}",0,0.0,1,0,0,0,0,"{'solar': 0, 'wind': 0, 'generator': 0}",285.0,704.7128,5.184,0.6
585,-167.09342604360006,20.5567782,146.53664784360006,0.0,244.2277464060001,0.0,381.2729344060001,381.2729344060001,0,"{'load': 1, 'battery': 1}",0,137.045188,0,0,0,0,0,"{'solar': 1, 'wind': 0, 'generator': 0}",285.0,489.4471,10.404,0.6
586,-455.78001605252376,0.0,455.78001605252376,0.0,506.42224005835976,0.0,506.42224005835976,506.42224005835976,0,"{'load': 1, 'battery': 1}",0,0.0,0,0,0,0,0,"{'solar': 0, 'wind': 0, 'generator': 0}",285.0,0.0394,9.288,0.8999999999999999
587,-115.87125006336184,0.0,115.87125006336184,0.0,193.11875010560308,0.0,193.11875010560308,193.11875010560308,0,"{'load': 1, 'battery': 1}",0,0.0,1,0,0,0,0,"{'solar': 0, 'wind': 0, 'generator': 0}",285.0,0.0464,12.78,0.6
588,-83.79079142076594,0.0,83.79079142076594,0.0,139.6513190346099,0.0,139.6513190346099,139.6513190346099,0,"{'load': 1, 'battery': 1}",0,0.0,2,0,0,0,0,"{'solar': 0, 'wind': 0, 'generator': 0}",285.0,0.0695,13.428,0.6
589,-333.57588164988283,1.4967232559262347,332.0791583939566,260.530799,292.9344649899278,0.0,292.9344649899278,292.9344649899278,0,"{'load': 1, 'battery': 1}",0,9.967580000000002,1,0,0,0,0,"{'solar': 1, 'wind': 0, 'generator': 0}",285.0,35.5985,12.78,0.6
590,-347.6085823671677,26.91095813333333,320.69762423383435,270.0,264.496040389724,0.0,269.0261847341539,449.395832,1,"{'load': 1, 'battery': 1}",1,179.39583199999998,0,0,0,0,0,"{'solar': 1, 'wind': 0, 'generator': 0}",285.0,640.6994,5.652,0.6
591,-448.14387872574855,17.639958,154.02386472574858,0.0,256.706441209581,23.519944000000002,280.122455774621,0.0,0,"{'load': 0, 'battery': 1}",0,117.59972,2,0,0,0,0,"{'solar': 1, 'wind': 0, 'generator': 0}",285.0,419.999,56.268,0.6
592,-452.10025023349607,0.0013608531999999998,452.09888938029604,0.0,502.3320993114401,0.0,502.3320993114401,502.3320993114401,0,"{'load': 1, 'battery': 1}",0,0.009072,1,0,0,0,0,"{'solar': 1, 'wind': 0, 'generator': 0}",285.0,0.0324,20.52,0.8999999999999999
593,-210.44527290050357,0.005346533333333334,210.43992636717024,270.0,80.73321061195043,0.0,267.6856900292369,270.025088,1,"{'load': 1, 'battery': 1}",1,0.025088000000000003,0,0,0,0,0,"{'solar': 1, 'wind': 0, 'generator': 0}",285.0,0.0896,16.308,0.6
594,-79.8397413400932,0.004964399999999999,79.83477694009319,0.0,133.057961566822,0.0,133.091057566822,133.091057566822,0,"{'load': 1, 'battery': 1}",0,0.033095999999999993,0,0,0,0,0,"{'solar': 1, 'wind': 0, 'generator': 0}",285.0,0.1182,29.628000000000004,0.6
595,-176.99261249323078,0.2601941333333333,177.07723275989744,270.0,25.128721266495745,0.3448144,295.12872126649575,295.12872126649575,1,"{'load': 1, 'battery': 1}",1,1.724072,2,0,0,0,0,"{'solar': 1, 'wind': 0, 'generator': 0}",285.0,6.1574,26.82,0.6
596,-141.40278055461707,22.8902058,149.03284915461708,0.0,248.3880819243618,30.5202744,248.3880819243618,248.3880819243618,0,"{'load': 1, 'battery': 1}",0,152.601372,2,0,0,0,0,"{'solar': 1, 'wind': 0, 'generator': 0}",285.0,545.0049,49.14,0.6
597,-306.7088323358793,1.1461505333333333,307.08877140254594,270.0,241.81461900424324,1.5260896000000002,262.110780947648,270.0,1,"{'load': 1, 'battery': 1}",1,7.630448,2,0,0,0,0,"{'solar': 1, 'wind': 0, 'generator': 0}",285.0,27.2516,9.0,0.6
598,-471.6194300613173,0.0,471.6194300613173,0.0,524.0215889570193,0.0,524.0215889570193,524.0215889570193,0,"{'load': 1, 'battery': 1}",0,0.0,1,0,0,0,0,"{'solar': 0, 'wind': 0, 'generator': 0}",285.0,0.0216,15.192,0.8999999999999999
599,-187.67702546672453,0.0,187.67702546672453,0.0,312.7950424445409,0.0,312.7950424445409,312.7950424445409,0,"{'load': 1, 'battery': 1}",0,0.0,2,0,0,0,0,"{'solar': 0, 'wind': 0, 'generator': 0}",285.0,0.0572,5.9399999999999995,0.6
600,-139.47601854092287,0.0,139.47601854092287,0.0,232.46003090153812,0.0,232.46003090153812,232.46003090153812,0,"{'load': 1, 'battery': 1}",0,0.0,1,0,0,0,0,"{'solar': 0, 'wind': 0, 'generator': 0}",285.0,0.1291,6.984,0.6
601,-270.8358636807236,1.2180503999999999,271.24188048072364,0.0,452.06980080120604,1.6240672,452.06980080120604,452.06980080120604,0,"{'load': 1, 'battery': 1}",0,8.120336,2,0,0,0,0,"{'solar': 1, 'wind': 0, 'generator': 0}",285.0,29.0012,7.164,0.6
602,-189.76669675886401,0.0,189.76669675886401,0.0,316.27782793144,0.0,316.27782793144,316.27782793144,0,"{'load': 1, 'battery': 1}",0,0.0,0,0,0,0,0,"{'solar': 0, 'wind': 0, 'generator': 0}",285.0,496.9982,11.592,0.6
603,-142.96070135322142,16.152108000000002,148.34473735322143,0.0,247.24122892203573,21.536144000000004,247.24122892203573,247.24122892203573,0,"{'load': 1, 'battery': 1}",0,107.68072000000001,2,0,0,0,0,"{'solar': 1, 'wind': 0, 'generator': 0}",285.0,384.574,7.056,0.6
604,-498.9104758272898,0.0033347367568518525,498.90714109053295,269.9889078,284.35236007837,0.0,554.35236007837,554.35236007837,1,"{'load': 1, 'battery': 1}",1,0.011676000000000002,1,0,0,0,0,"{'solar': 1, 'wind': 0, 'generator': 0}",285.0,0.0417,27.864,0.8999999999999999
605,-378.21354101407303,0.004153962391358026,78.20938705168167,0.0,130.34897841946946,0.0,335.81332964598505,0.0,1,"{'load': 0, 'battery': 0}",1,0.027692000000000005,1,0,0,0,0,"{'solar': 1, 'wind': 0, 'generator': 0}",15.0263074,0.0989,25.452,0.6
606,-323.794156400144,0.0015582000000000003,323.79467580014403,270.0,269.6577930002401,0.0020776,269.6577930002401,269.6577930002401,0,"{'load': 1, 'battery': 0}",0,0.010388000000000001,2,0,0,0,0,"{'solar': 1, 'wind': 0, 'generator': 0}",285.0,0.0371,17.64,0.6
607,-301.94240815308,0.0367374,301.90567075308,0.0,503.1761179218001,0.0,503.4210339218001,503.4210339218001,0,"{'load': 1, 'battery': 1}",0,0.24491600000000005,0,0,0,0,0,"{'solar': 1, 'wind': 0, 'generator': 0}",285.0,0.8747,19.152,0.6
608,-215.49064178100232,0.0015833333333333333,215.48905844766898,270.0,89.14843074611497,0.0,359.14843074611497,359.14843074611497,1,"{'load': 1, 'battery': 1}",1,0.0,2,0,0,0,0,"{'solar': 0, 'wind': 0, 'generator': 0}",285.0,284.8014,18.720000000000002,0.6
609,-171.90413875671348,0.0,171.90413875671348,0.0,286.5068979278558,0.0,286.5068979278558,286.5068979278558,0,"{'load': 1, 'battery': 1}",0,0.0,2,0,0,0,0,"{'solar': 0, 'wind': 0, 'generator': 0}",285.0,281.2727,34.632,0.6
610,-464.0104030300383,0.0,464.0104030300383,0.0,515.5671144778204,0.0,515.5671144778204,515.5671144778204,0,"{'load': 1, 'battery': 1}",0,0.0,0,0,0,0,0,"{'solar': 0, 'wind': 0, 'generator': 0}",285.0,0.0209,27.828000000000003,0.8999999999999999
611,-192.5743665027012,0.001978277337037037,192.57238822536416,0.0,320.95398037560693,0.0,320.95398037560693,320.95398037560693,0,"{'load': 1, 'battery': 1}",0,0.013188,1,0,0,0,0,"{'solar': 1, 'wind': 0, 'generator': 0}",285.0,0.0471,19.8,0.6
612,-189.45733010226658,0.0,189.45733010226658,0.0,315.762216837111,0.0,315.762216837111,315.762216837111,0,"{'load': 1, 'battery': 1}",0,0.0,1,0,0,0,0,"{'solar': 0, 'wind': 0, 'generator': 0}",285.0,0.0549,19.008000000000003,0.6
613,-259.3214327232733,0.0,259.3214327232733,0.0,432.2023878721222,0.0,432.2023878721222,432.2023878721222,0,"{'load': 1, 'battery': 1}",0,0.0,2,0,0,0,0,"{'solar': 0, 'wind': 0, 'generator': 0}",285.0,2.3555,29.376,0.6
614,-204.87516649784448,0.0,204.87516649784448,0.0,341.4586108297408,0.0,341.4586108297408,341.4586108297408,0,"{'load': 1, 'battery': 1}",0,0.0,0,0,0,0,0,"{'solar': 0, 'wind': 0, 'generator': 0}",285.0,427.0419,4.032000000000001,0.6
615,-293.608315239333,2.2345134981059873,291.37380174122706,255.8581366,229.7648663020451,0.0,268.0749597969631,270.0,1,"{'load': 1, 'battery': 1}",1,14.886172,1,0,0,0,0,"{'solar': 1, 'wind': 0, 'generator': 0}",285.0,53.1649,36.576,0.6
616,-456.5655738402392,0.0,456.5655738402392,0.0,507.2950820447103,0.0,507.2950820447103,507.2950820447103,0,"{'load': 1, 'battery': 1}",0,0.0,1,0,0,0,0,"{'solar': 0, 'wind': 0, 'generator': 0}",285.0,0.044,19.908,0.8999999999999999
617,-175.09849843286224,0.0010710418703703702,175.09742739099187,0.0,291.82904565165313,0.0,291.82904565165313,291.82904565165313,0,"{'load': 1, 'battery': 1}",0,0.00714,1,0,0,0,0,"{'solar': 1, 'wind': 0, 'generator': 0}",285.0,0.0255,15.984000000000002,0.6
618,-122.0067710323878,0.0040908,122.0026802323878,0.0,203.33780038731302,0.0,203.36507238731303,203.36507238731303,0,"{'load': 1, 'battery': 1}",0,0.027272000000000005,0,0,0,0,0,"{'solar': 1, 'wind': 0, 'generator': 0}",285.0,0.0974,10.476,0.6
619,-207.09004803219838,0.0,207.09004803219838,0.0,345.150080053664,0.0,345.150080053664,345.150080053664,0,"{'load': 1, 'battery': 1}",0,0.0,2,0,0,0,0,"{'solar': 0, 'wind': 0, 'generator': 0}",285.0,8.1365,9.684,0.6
620,-106.82932255532384,31.856306200674013,74.97301635464983,68.25381619999999,56.70121105774973,0.0,326.70121105774973,326.70121105774973,1,"{'load': 1, 'battery': 1}",1,212.364404,1,0,0,0,0,"{'solar': 1, 'wind': 0, 'generator': 0}",285.0,758.4443,6.228,0.6
621,-132.68364880070186,27.108475800000004,141.71980740070185,0.0,236.19967900116978,36.14463440000001,236.19967900116978,236.19967900116978,0,"{'load': 1, 'battery': 1}",0,180.72317200000003,2,0,0,0,0,"{'solar': 1, 'wind': 0, 'generator': 0}",285.0,645.4399,5.076,0.6
622,-415.6114283110281,0.042168,415.62548431102806,0.0,461.8060936789201,0.056223999999999996,461.8060936789201,461.8060936789201,0,"{'load': 1, 'battery': 1}",0,0.28112,2,0,0,0,0,"{'solar': 1, 'wind': 0, 'generator': 0}",285.0,1.004,5.256,0.8999999999999999
623,-163.90970065123503,0.0,163.90970065123503,0.0,273.18283441872507,0.0,273.18283441872507,273.18283441872507,0,"{'load': 1, 'battery': 1}",0,0.0,2,0,0,0,0,"{'solar': 0, 'wind': 0, 'generator': 0}",285.0,0.0178,10.512,0.6
624,-103.50996264077314,0.0031164000000000005,103.51100144077314,0.0,172.5183357346219,0.0041552,172.5183357346219,172.5183357346219,0,"{'load': 1, 'battery': 1}",0,0.020776000000000003,2,0,0,0,0,"{'solar': 1, 'wind': 0, 'generator': 0}",285.0,0.0742,9.972,0.6
625,-182.9831992937339,0.0,182.9831992937339,0.0,304.9719988228898,0.0,304.9719988228898,304.9719988228898,0,"{'load': 1, 'battery': 1}",0,0.0,1,0,0,0,0,"{'solar': 0, 'wind': 0, 'generator': 0}",285.0,93.6722,1.476,0.6
626,-295.353703599947,35.66240153333334,307.2390596666136,270.0,242.06509944435612,47.547757600000004,227.69194708621094,270.0,1,"{'load': 1, 'battery': 1}",1,237.738788,2,0,0,0,0,"{'solar': 1, 'wind': 0, 'generator': 0}",285.0,849.0671,24.66,0.6
627,-336.42402682018087,30.921769133333335,305.50225768684754,270.0,239.17042947807926,0.0,276.68800372127515,476.13457200000005,1,"{'load': 0, 'battery': 1}",1,206.13457200000002,0,0,0,0,0,"{'solar': 1, 'wind': 0, 'generator': 0}",285.0,736.1949,4.86,0.6
628,-395.1803587270197,0.16963799999999998,395.0107207270197,0.0,438.9008008077997,0.0,440.03172080779973,440.03172080779973,0,"{'load': 1, 'battery': 1}",0,1.13092,0,0,0,0,0,"{'solar': 1, 'wind': 0, 'generator': 0}",285.0,4.039,2.736,0.8999999999999999
629,-303.2662532243863,0.0,3.2662532243862756,0.0,5.443755373977126,0.0,189.55423586670304,0.0,0,"{'load': 0, 'battery': 1}",0,0.0,2,0,0,0,0,"{'solar': 1, 'wind': 0, 'generator': 0}",285.0,0.0,15.3,0.6
630,-246.13656255433915,0.0015833333333333333,246.1349792210058,270.0,140.22496536834302,0.0,141.30044696185107,270.0,1,"{'load': 1, 'battery': 1}",1,0.0,1,0,0,0,0,"{'solar': 0, 'wind': 0, 'generator': 0}",285.0,0.1855,15.120000000000001,0.6
631,-156.902258113336,8.378332200000001,159.695035513336,0.0,266.1583925222267,11.171109600000001,266.1583925222267,266.1583925222267,0,"{'load': 1, 'battery': 1}",0,55.855548000000006,2,0,0,0,0,"{'solar': 1, 'wind': 0, 'generator': 0}",285.0,199.4841,4.212,0.6
632,-137.06874391084878,38.201368800000004,149.80253351084878,0.0,249.67088918474795,50.935158400000006,249.67088918474795,249.67088918474795,0,"{'load': 1, 'battery': 1}",0,254.67579200000003,2,0,0,0,0,"{'solar': 1, 'wind': 0, 'generator': 0}",285.0,909.5564,9.792000000000002,0.6
633,-390.0767936191141,32.9736876,357.1031060191141,0.0,102.02945886260403,0.0,321.85404286260405,321.85404286260405,0,"{'load': 1, 'battery': 1}",0,219.82458400000002,0,0,0,0,0,"{'solar': 1, 'wind': 0, 'generator': 0}",285.0,785.0878,13.428,3.5
634,-896.9464355853354,1.1822454,895.7641901853353,0.0,471.4548369396502,0.0,479.3364729396502,479.3364729396502,0,"{'load': 1, 'battery': 1}",0,7.881636,0,0,0,0,0,"{'solar': 1, 'wind': 0, 'generator': 0}",285.0,28.1487,22.356,1.9
635,-126.89078005929129,0.0,126.89078005929129,0.0,211.48463343215215,0.0,211.48463343215215,211.48463343215215,0,"{'load': 1, 'battery': 1}",0,0.0,0,0,0,0,0,"{'solar': 0, 'wind': 0, 'generator': 0}",285.0,0.0,3.6,0.6
636,-250.094252055124,0.0015833333333333333,250.09266872179066,270.0,146.8211145363178,0.0,145.868297030489,270.0,1,"{'load': 1, 'battery': 1}",1,0.0,1,0,0,0,0,"{'solar': 0, 'wind': 0, 'generator': 0}",285.0,0.061,4.680000000000001,0.6
637,-154.63617214075282,5.090038799999999,156.33285174075283,0.0,260.55475290125474,6.7867184,260.55475290125474,260.55475290125474,0,"{'load': 1, 'battery': 1}",0,33.933592,2,0,0,0,0,"{'solar': 1, 'wind': 0, 'generator': 0}",285.0,121.1914,17.532,0.6
638,-692.0747195258316,38.63729093333333,653.4374285924982,270.0,73.91443610131486,0.0,295.15273482754975,527.571384,1,"{'load': 1, 'battery': 1}",1,257.57138399999997,0,0,0,0,0,"{'solar': 1, 'wind': 0, 'generator': 0}",285.0,919.8978,18.791999999999998,1.9
639,-487.1585061823376,31.2206538,455.9378523823376,0.0,130.26795782352502,0.0,338.40564982352504,338.40564982352504,0,"{'load': 1, 'battery': 1}",0,208.13769200000002,0,0,0,0,0,"{'solar': 1, 'wind': 0, 'generator': 0}",285.0,743.3489,28.116,3.5
640,-982.6562227694664,0.0,982.6562227694664,0.0,517.1874856681402,0.0,517.1874856681402,517.1874856681402,0,"{'load': 1, 'battery': 1}",0,0.0,0,0,0,0,0,"{'solar': 0, 'wind': 0, 'generator': 0}",285.0,64.5036,5.436,1.9
641,-145.83848739394375,0.0,145.83848739394375,0.0,243.06414565657295,0.0,243.06414565657295,243.06414565657295,0,"{'load': 1, 'battery': 1}",0,0.0,0,0,0,0,0,"{'solar': 0, 'wind': 0, 'generator': 0}",285.0,0.0077,14.652000000000001,0.6
642,-91.22849410269839,0.0,91.22849410269839,0.0,152.047490171164,0.0,152.047490171164,152.047490171164,0,"{'load': 1, 'battery': 1}",0,0.0,2,0,0,0,0,"{'solar': 0, 'wind': 0, 'generator': 0}",285.0,0.129,8.784,0.6
643,-163.43399283714416,0.0015833333333333333,163.43240950381082,270.0,2.3873491730180376,0.0,272.38734917301804,272.38734917301804,1,"{'load': 1, 'battery': 1}",1,0.0,1,0,0,0,0,"{'solar': 0, 'wind': 0, 'generator': 0}",285.0,227.1135,21.6,0.6
644,-665.1167577275141,0.0,665.1167577275141,0.0,350.0614514355338,0.0,350.0614514355338,350.0614514355338,0,"{'load': 1, 'battery': 1}",0,0.0,1,0,0,0,0,"{'solar': 0, 'wind': 0, 'generator': 0}",285.0,922.4624,4.680000000000001,1.9
645,-868.4109548385143,33.3149082,835.0960466385143,0.0,238.59887046814694,0.0,460.69825846814695,460.69825846814695,0,"{'load': 1, 'battery': 1}",0,222.099388,0,0,0,0,0,"{'solar': 1, 'wind': 0, 'generator': 0}",285.0,793.2121,23.076,3.5
646,-1051.4361384303843,0.0,1051.4361384303843,0.0,553.3874412791497,0.0,553.3874412791497,553.3874412791497,0,"{'load': 1, 'battery': 1}",0,0.0,1,0,0,0,0,"{'solar': 0, 'wind': 0, 'generator': 0}",285.0,56.1792,7.272,1.9
647,-152.07863319189715,0.0,152.07863319189715,0.0,253.46438865316193,0.0,253.46438865316193,253.46438865316193,0,"{'load': 1, 'battery': 1}",0,0.0,2,0,0,0,0,"{'solar': 0, 'wind': 0, 'generator': 0}",285.0,0.0857,2.592,0.6
648,-105.27584936350095,0.0023016,105.27354776350096,0.0,175.45591293916826,0.0,175.47125693916826,175.47125693916826,0,"{'load': 1, 'battery': 1}",0,0.015344000000000002,0,0,0,0,0,"{'solar': 1, 'wind': 0, 'generator': 0}",285.0,0.0548,11.16,0.6
649,-184.00176113314612,0.0,184.00176113314612,0.0,306.6696018885769,0.0,306.6696018885769,306.6696018885769,0,"{'load': 1, 'battery': 0}",0,0.0,0,0,0,0,0,"{'solar': 0, 'wind': 0, 'generator': 0}",285.0,75.6184,13.536,0.6
650,-742.1279043025878,0.0,742.1279043025878,0.0,390.5936338434673,0.0,390.5936338434673,390.5936338434673,0,"{'load': 1, 'battery': 1}",0,0.0,1,0,0,0,0,"{'solar': 0, 'wind': 0, 'generator': 0}",285.0,911.8821,7.920000000000001,1.9
651,-2852.636594411213,33.545379,2863.818387411213,270.0,548.2338249746322,44.727171999999996,548.2338249746322,548.2338249746322,0,"{'load': 1, 'battery': 0}",0,223.63585999999998,2,0,0,0,0,"{'solar': 1, 'wind': 0, 'generator': 0}",285.0,798.6995,12.276000000000002,3.5
652,-1112.643500498617,1.5761634,1113.1688882986168,0.0,585.87836226243,2.1015512000000003,585.87836226243,585.87836226243,0,"{'load': 1, 'battery': 1}",0,10.507756,2,0,0,0,0,"{'solar': 1, 'wind': 0, 'generator': 0}",285.0,37.5277,11.879999999999999,1.9
653,-164.39019036190558,0.0024905333333333337,164.38890942857225,270.0,3.9815157142870703,0.0012096000000000003,273.98151571428707,273.98151571428707,1,"{'load': 1, 'battery': 1}",1,0.006048000000000001,2,0,0,0,0,"{'solar': 1, 'wind': 0, 'generator': 0}",285.0,0.0216,9.936,0.6
654,-107.60537385010514,0.0015582000000000003,107.60589325010514,0.0,179.3431554168419,0.0020776,179.3431554168419,179.3431554168419,0,"{'load': 1, 'battery': 1}",0,0.010388000000000001,2,0,0,0,0,"{'solar': 1, 'wind': 0, 'generator': 0}",285.0,0.0371,7.2,0.6
655,-177.51089902320982,8.148693000000002,180.2271300232098,0.0,300.37855003868304,10.864924000000002,300.37855003868304,300.37855003868304,0,"{'load': 1, 'battery': 1}",0,54.32462000000001,2,0,0,0,0,"{'solar': 1, 'wind': 0, 'generator': 0}",285.0,194.0165,1.8,0.6
656,-765.6699918755351,36.5700342,729.099957675535,270.0,113.73681982922898,0.0,403.97760976235327,513.8002280000001,1,"{'load': 1, 'battery': 0}",1,243.800228,0,0,0,0,0,"{'solar': 1, 'wind': 0, 'generator': 0}",15.0,870.7151,6.48,1.9
657,-911.3636315593131,29.319515400000004,921.1368033593131,0.0,263.1819438169466,39.09268720000001,533.1819438169466,533.1819438169466,1,"{'load': 1, 'battery': 0}",1,195.46343600000003,2,0,0,0,0,"{'solar': 1, 'wind': 0, 'generator': 0}",15.0,698.0837,5.58,3.5
658,-947.6113222011486,0.9694314,947.9344660011486,0.0,498.9128768427098,1.2925752000000001,498.9128768427098,498.9128768427098,0,"{'load': 1, 'battery': 0}",0,6.4628760000000005,2,0,0,0,0,"{'solar': 1, 'wind': 0, 'generator': 0}",285.0,23.0817,16.56,1.9
659,-151.7932577784308,0.0024990976975308643,151.7907586807333,0.0,252.98459780122215,0.0,252.98459780122215,252.98459780122215,0,"{'load': 1, 'battery': 0}",0,0.01666,1,0,0,0,0,"{'solar': 1, 'wind': 0, 'generator': 0}",285.0,0.0595,3.9600000000000004,0.6
660,-102.51113208134473,0.0015582000000000003,102.50957388134472,0.0,170.8492898022412,0.0,170.8596778022412,170.8596778022412,0,"{'load': 1, 'battery': 1}",0,0.010388000000000001,0,0,0,0,0,"{'solar': 1, 'wind': 0, 'generator': 0}",285.0,0.0371,9.684,0.6
661,-188.24554651150078,0.0,188.24554651150078,0.0,313.742577519168,0.0,313.742577519168,313.742577519168,0,"{'load': 1, 'battery': 1}",0,0.0,0,0,0,0,0,"{'solar': 0, 'wind': 0, 'generator': 0}",285.0,168.1811,10.404,0.6
662,-696.6927992175274,0.0,696.6927992175274,0.0,366.6804206408039,0.0,366.6804206408039,366.6804206408039,0,"{'load': 1, 'battery': 1}",0,0.0,1,0,0,0,0,"{'solar': 0, 'wind': 0, 'generator': 0}",285.0,820.9164,7.416,1.9
663,-1480.2391294756665,14.700739133333332,1465.538390342333,270.0,148.72525438352375,0.0,516.7196263835237,516.7196263835237,1,"{'load': 1, 'battery': 1}",1,97.994372,0,0,0,0,0,"{'solar': 1, 'wind': 0, 'generator': 0}",285.0,349.9799,25.2,3.5
664,-1111.3709664013347,0.0,1111.3709664013347,0.0,584.9320875796499,0.0,584.9320875796499,584.9320875796499,0,"{'load': 1, 'battery': 1}",0,0.0,2,0,0,0,0,"{'solar': 0, 'wind': 0, 'generator': 0}",285.0,0.961,24.840000000000003,1.9
665,-150.74025905620505,0.0,150.74025905620505,0.0,251.2337650936751,0.0,251.2337650936751,251.2337650936751,0,"{'load': 1, 'battery': 1}",0,0.0,2,0,0,0,0,"{'solar': 0, 'wind': 0, 'generator': 0}",285.0,0.0178,11.16,0.6
666,-96.15966111826062,0.0021084,96.16036391826061,0.0,160.26727319710102,0.0028112000000000002,160.26727319710102,160.26727319710102,0,"{'load': 1, 'battery': 1}",0,0.014056,2,0,0,0,0,"{'solar': 1, 'wind': 0, 'generator': 0}",285.0,0.0502,1.836,0.6
667,-174.72404824335044,0.0,174.72404824335044,0.0,291.2067470722507,0.0,291.2067470722507,291.2067470722507,0,"{'load': 1, 'battery': 1}",0,0.0,1,0,0,0,0,"{'solar': 0, 'wind': 0, 'generator': 0}",285.0,59.9242,24.084000000000003,0.6
668,-578.8404180116712,0.0,578.8404180116712,0.0,304.6528515850901,0.0,304.6528515850901,304.6528515850901,0,"{'load': 1, 'battery': 1}",0,0.0,1,0,0,0,0,"{'solar': 0, 'wind': 0, 'generator': 0}",285.0,669.8403,13.968,1.9
669,-341.08679157771394,24.509261239194448,316.57753033851947,114.78501,412.8442072308659,0.0,412.8442072308659,412.8442072308659,0,"{'load': 1, 'battery': 1}",0,163.38420000000002,1,0,0,0,0,"{'solar': 1, 'wind': 0, 'generator': 0}",285.0,583.515,5.472,0.6
670,-503.72952641142496,0.0007769999999999999,503.7297854114249,0.0,559.69976156825,0.001036,559.69976156825,559.69976156825,0,"{'load': 1, 'battery': 1}",0,0.00518,2,0,0,0,0,"{'solar': 1, 'wind': 0, 'generator': 0}",285.0,0.0185,4.572,0.8999999999999999
671,-286.39981251409534,0.0036287373315432104,286.3961837767638,269.9870458,207.33992716127307,0.0,207.33992716127307,207.33992716127307,1,"{'load': 1, 'battery': 1}",1,0.013636000000000002,1,0,0,0,0,"{'solar': 1, 'wind': 0, 'generator': 0}",285.0,0.0487,4.824000000000001,0.6
672,-85.25226467168213,0.003213,85.24905167168212,0.0,142.0817527861369,0.0,142.1031727861369,142.1031727861369,0,"{'load': 1, 'battery': 1}",0,0.02142,0,0,0,0,0,"{'solar': 1, 'wind': 0, 'generator': 0}",285.0,0.0765,15.3,0.6
673,-175.4751663621162,1.9783722000000001,176.1346237621162,0.0,293.5577062701937,2.6378296000000003,293.5577062701937,293.5577062701937,0,"{'load': 1, 'battery': 1}",0,13.189148000000001,2,0,0,0,0,"{'solar': 1, 'wind': 0, 'generator': 0}",285.0,47.1041,1.836,0.6
674,-78.55939189972622,27.326670000000004,51.23272189972622,0.0,85.38786983287704,0.0,267.56566983287706,267.56566983287706,0,"{'load': 1, 'battery': 1}",0,182.17780000000002,0,0,0,0,0,"{'solar': 1, 'wind': 0, 'generator': 0}",285.0,650.635,2.9160000000000004,0.6
675,-478.504634773141,18.453283799999998,184.65572937314096,0.0,307.75954895523495,24.6043784,349.5152670592929,0.0,0,"{'load': 0, 'battery': 1}",0,123.021892,2,0,0,0,0,"{'solar': 1, 'wind': 0, 'generator': 0}",285.0,439.3639,7.992000000000001,0.6
676,-451.87370489999705,0.0,451.87370489999705,0.0,502.0818943333301,0.0,502.0818943333301,502.0818943333301,0,"{'load': 1, 'battery': 1}",0,0.0,0,0,0,0,0,"{'solar': 0, 'wind': 0, 'generator': 0}",285.0,0.061,40.464,0.8999999999999999
677,-371.6309439143756,0.0015833333333333333,371.6293605810423,270.0,349.38226763507055,0.0,269.3251917276339,270.0,1,"{'load': 1, 'battery': 1}",1,0.0,0,0,0,0,0,"{'solar': 0, 'wind': 0, 'generator': 0}",285.0,0.0487,14.832,0.6
678,-553.7824519591242,0.0048593333333333336,253.77759262579082,270.0,152.96265437631806,0.0,135.2782468256221,0.021840000000000002,1,"{'load': 0, 'battery': 1}",1,0.021840000000000002,0,0,0,0,0,"{'solar': 1, 'wind': 0, 'generator': 0}",285.0,0.078,15.371999999999998,0.6
679,-177.4689606196686,0.0,177.4689606196686,0.0,295.781601032781,0.0,295.781601032781,295.781601032781,0,"{'load': 1, 'battery': 1}",0,0.0,2,0,0,0,0,"{'solar': 0, 'wind': 0, 'generator': 0}",285.0,5.7153,14.508000000000001,0.6
680,-306.86001579048474,24.8015376,315.1271949904847,270.0,255.2119916508079,33.0687168,255.2119916508079,255.2119916508079,0,"{'load': 1, 'battery': 0}",0,165.343584,2,0,0,0,0,"{'solar': 1, 'wind': 0, 'generator': 0}",285.0,590.5128,25.776,0.6
681,-163.66276762749584,0.0,163.66276762749584,0.0,272.77127937915975,0.0,272.77127937915975,272.77127937915975,0,"{'load': 1, 'battery': 1}",0,0.0,0,0,0,0,0,"{'solar': 0, 'wind': 0, 'generator': 0}",285.0,358.6642,5.148,0.6
682,-756.3294522338275,0.0010038,456.3297868338275,0.0,507.0330964820306,0.0013384,483.0599913668202,0.0,0,"{'load': 0, 'battery': 1}",0,0.006692,2,0,0,0,0,"{'solar': 1, 'wind': 0, 'generator': 0}",285.0,0.0239,39.744,0.8999999999999999
683,-370.1274445033375,0.0015833333333333333,370.12586117000416,270.0,346.8764352833403,0.0,265.2333054185869,270.0,1,"{'load': 1, 'battery': 1}",1,0.0,2,0,0,0,0,"{'solar': 0, 'wind': 0, 'generator': 0}",285.0,0.034,0.396,0.6
684,-125.85582256050549,0.00026041018024691357,125.85556215032524,0.0,209.75927025054207,0.0,209.75927025054207,209.75927025054207,0,"{'load': 1, 'battery': 1}",0,0.001736,1,0,0,0,0,"{'solar': 1, 'wind': 0, 'generator': 0}",285.0,0.0062,6.048,0.6
685,-243.4197206875747,0.06810566246296296,243.35161502511176,0.0,405.58602504185296,0.0,405.58602504185296,405.58602504185296,0,"{'load': 1, 'battery': 1}",0,0.45402,1,0,0,0,0,"{'solar': 1, 'wind': 0, 'generator': 0}",285.0,1.6215,19.332,0.6
686,-214.21563237571218,21.36174109714815,192.85389127856402,0.0,321.42315213094,0.0,321.42315213094,321.42315213094,0,"{'load': 1, 'battery': 1}",0,142.40604000000002,1,0,0,0,0,"{'solar': 1, 'wind': 0, 'generator': 0}",285.0,508.593,4.392,0.6
687,-178.27631738400868,0.0015833333333333333,178.27473405067533,270.0,27.124556751125567,0.0,297.12455675112557,297.12455675112557,1,"{'load': 1, 'battery': 1}",1,0.0,0,0,0,0,0,"{'solar': 0, 'wind': 0, 'generator': 0}",285.0,176.9505,11.376000000000001,0.6
688,-1059.4456626326537,0.0033053333333333337,759.4446532993201,270.0,573.8273925548001,0.0022960000000000007,536.1997261310793,270.0,1,"{'load': 0, 'battery': 1}",1,0.011480000000000002,2,0,0,0,0,"{'solar': 1, 'wind': 0, 'generator': 0}",285.0,0.041,23.184,0.8999999999999999
689,-200.7033123721403,0.0038975999999999993,200.6994147721403,0.0,334.49902462023385,0.0,334.52500862023385,334.52500862023385,0,"{'load': 1, 'battery': 1}",0,0.025983999999999997,0,0,0,0,0,"{'solar': 1, 'wind': 0, 'generator': 0}",285.0,0.0928,6.12,0.6
690,-180.72953903096834,0.0015833333333333333,180.727955697635,270.0,31.213259496058356,0.0,301.21325949605836,301.21325949605836,1,"{'load': 1, 'battery': 1}",1,0.0,0,0,0,0,0,"{'solar': 0, 'wind': 0, 'generator': 0}",285.0,0.0,2.52,0.6
691,-287.77046038764337,0.016061427891358025,287.754398959752,0.0,479.59066493292,0.0,479.59066493292,479.59066493292,0,"{'load': 1, 'battery': 1}",0,0.107072,1,0,0,0,0,"{'solar': 1, 'wind': 0, 'generator': 0}",285.0,0.3824,8.712,0.6
692,-160.5688961149158,21.327343799999998,139.2415523149158,0.0,232.06925385819298,0.0,374.25154585819297,374.25154585819297,0,"{'load': 1, 'battery': 1}",0,142.182292,0,0,0,0,0,"{'solar': 1, 'wind': 0, 'generator': 0}",285.0,507.7939,6.408,0.6
693,-648.1524049075985,0.0015833333333333333,348.1508215742652,270.0,310.2513692904419,0.0,314.93740923174613,270.0,1,"{'load': 0, 'battery': 1}",1,0.0,1,0,0,0,0,"{'solar': 0, 'wind': 0, 'generator': 0}",285.0,427.1961,25.992,0.6
694,-485.25541886074075,0.003431333333333333,485.2544515274074,270.0,269.1716128082305,0.0024640000000000005,539.1716128082305,539.1716128082305,1,"{'load': 1, 'battery': 1}",1,0.012320000000000001,2,0,0,0,0,"{'solar': 1, 'wind': 0, 'generator': 0}",285.0,0.044,16.272,0.8999999999999999
695,-195.43532537646453,0.0036287373315432104,195.43169663913298,269.9870458,55.73244859855498,0.0,325.732448598555,325.732448598555,1,"{'load': 1, 'battery': 1}",1,0.013636000000000002,1,0,0,0,0,"{'solar': 1, 'wind': 0, 'generator': 0}",285.0,0.0487,8.64,0.6
696,-145.9313052574464,0.003213125611111111,145.9280921318353,0.0,243.21348688639222,0.0,243.21348688639222,243.21348688639222,0,"{'load': 1, 'battery': 1}",0,0.02142,1,0,0,0,0,"{'solar': 1, 'wind': 0, 'generator': 0}",285.0,0.0765,29.088,0.6
697,-280.85499135110916,0.0015833333333333333,280.85340801777585,270.0,198.08901336295975,0.0,468.08901336295975,468.08901336295975,1,"{'load': 1, 'battery': 1}",1,0.0,2,0,0,0,0,"{'solar': 0, 'wind': 0, 'generator': 0}",285.0,1.1244,20.52,0.6
698,-231.0361131561359,0.0,231.0361131561359,0.0,385.0601885935599,0.0,385.0601885935599,385.0601885935599,0,"{'load': 1, 'battery': 0}",0,0.0,0,0,0,0,0,"{'solar': 0, 'wind': 0, 'generator': 0}",285.0,572.0304,25.056,0.6
699,-174.2261774368851,0.0,174.2261774368851,0.0,290.3769623948085,0.0,290.3769623948085,290.3769623948085,0,"{'load': 1, 'battery': 1}",0,0.0,2,0,0,0,0,"{'solar': 0, 'wind': 0, 'generator': 0}",285.0,522.5486,21.564,0.6
700,-475.28801791144446,0.00013020509012345678,475.28788770635435,0.0,528.0976530070604,0.0,528.0976530070604,528.0976530070604,0,"{'load': 1, 'battery': 1}",0,0.000868,1,0,0,0,0,"{'solar': 1, 'wind': 0, 'generator': 0}",285.0,0.0031,19.98,0.8999999999999999
701,-177.94587582801552,0.0,177.94587582801552,0.0,296.5764597133592,0.0,296.5764597133592,296.5764597133592,0,"{'load': 1, 'battery': 0}",0,0.0,1,0,0,0,0,"{'solar': 0, 'wind': 0, 'generator': 0}",285.0,0.0216,4.212,0.6
702,-111.0967589704944,0.0,111.0967589704944,0.0,185.161264950824,0.0,185.161264950824,185.161264950824,0,"{'load': 1, 'battery': 1}",0,0.0,2,0,0,0,0,"{'solar': 0, 'wind': 0, 'generator': 0}",285.0,0.0757,18.144000000000002,0.6
703,-219.20183270480393,0.5559456,218.64588710480393,0.0,364.4098118413399,0.0,368.1161158413399,368.1161158413399,0,"{'load': 1, 'battery': 0}",0,3.7063040000000003,0,0,0,0,0,"{'solar': 1, 'wind': 0, 'generator': 0}",285.0,13.2368,6.6240000000000006,0.6
704,-96.85048227693254,27.1681226365471,69.68235964038544,97.9455874,18.191678667309077,0.0,288.1916786673091,288.1916786673091,1,"{'load': 1, 'battery': 1}",1,181.10990800000002,1,0,0,0,0,"{'solar': 1, 'wind': 0, 'generator': 0}",285.0,646.8211,11.592,0.6
705,-168.7470236891645,17.51236201290247,151.23466167626202,0.0,252.05776946043673,0.0,252.05776946043673,252.05776946043673,0,"{'load': 1, 'battery': 1}",0,116.74451600000002,1,0,0,0,0,"{'solar': 1, 'wind': 0, 'generator': 0}",285.0,416.9447,43.2,0.6
706,-441.0752831299801,0.0,441.0752831299801,0.0,490.08364792220016,0.0,490.08364792220016,490.08364792220016,0,"{'load': 1, 'battery': 1}",0,0.0,1,0,0,0,0,"{'solar': 0, 'wind': 0, 'generator': 0}",285.0,0.3807,23.364,0.8999999999999999
707,-177.08128631475856,0.007530894406172839,177.0737554203524,0.0,295.12292570058736,0.0,295.12292570058736,295.12292570058736,0,"{'load': 1, 'battery': 1}",0,0.050204,1,0,0,0,0,"{'solar': 1, 'wind': 0, 'generator': 0}",285.0,0.1793,22.715999999999998,0.6
708,-92.00487958200301,0.0,92.00487958200301,0.0,153.34146597000503,0.0,153.34146597000503,153.34146597000503,0,"{'load': 1, 'battery': 0}",0,0.0,0,0,0,0,0,"{'solar': 0, 'wind': 0, 'generator': 0}",285.0,0.0,22.824,0.6
709,-207.43795543509896,2.662909133333334,204.77504630176563,270.0,71.29174383627605,0.0,359.03391583627604,359.03391583627604,1,"{'load': 1, 'battery': 1}",1,17.742172000000004,0,0,0,0,0,"{'solar': 1, 'wind': 0, 'generator': 0}",285.0,63.3649,1.8,0.6
710,-86.93565938742535,18.7161786,68.21948078742534,0.0,113.6991346457089,0.0,238.4736586457089,238.4736586457089,0,"{'load': 1, 'battery': 1}",0,124.774524,0,0,0,0,0,"{'solar': 1, 'wind': 0, 'generator': 0}",285.0,445.6233,11.592,0.6
711,-181.74906054707878,28.303575075109876,153.4454854719689,0.0,255.74247578661488,0.0,255.74247578661488,255.74247578661488,0,"{'load': 1, 'battery': 1}",0,188.68312400000002,1,0,0,0,0,"{'solar': 1, 'wind': 0, 'generator': 0}",285.0,673.8683,10.152,0.6
712,-632.321243730606,0.0,332.32124373060606,0.0,369.2458263673401,0.0,389.53573357960965,0.0,0,"{'load': 0, 'battery': 1}",0,0.0,1,0,0,0,0,"{'solar': 0, 'wind': 0, 'generator': 0}",285.0,1.8647,28.152,0.8999999999999999
713,-110.14694453881434,0.0,110.14694453881434,0.0,183.5782408980239,0.0,183.5782408980239,183.5782408980239,0,"{'load': 1, 'battery': 1}",0,0.0,2,0,0,0,0,"{'solar': 1, 'wind': 0, 'generator': 0}",285.0,0.0,19.836,0.6
714,-83.60226546397267,0.0,83.60226546397267,0.0,139.3371091066211,0.0,139.3371091066211,139.3371091066211,0,"{'load': 1, 'battery': 1}",0,0.0,1,0,0,0,0,"{'solar': 1, 'wind': 0, 'generator': 0}",285.0,0.0,13.356,0.6
715,-160.20018927867898,0.0,160.20018927867898,0.0,267.00031546446496,0.0,267.00031546446496,267.00031546446496,0,"{'load': 1, 'battery': 1}",0,0.0,2,0,0,0,0,"{'solar': 0, 'wind': 0, 'generator': 0}",285.0,165.7905,24.12,0.6
716,-54.132299294204834,29.3276214,24.804677894204833,0.0,41.34112982367472,0.0,236.85860582367474,236.85860582367474,0,"{'load': 1, 'battery': 1}",0,195.51747600000002,0,0,0,0,0,"{'solar': 1, 'wind': 0, 'generator': 0}",285.0,698.2767,3.6,0.6
717,-178.23979798681873,31.142836199999998,188.62074338681873,0.0,314.3679056446979,41.52378160000001,314.3679056446979,314.3679056446979,0,"{'load': 1, 'battery': 1}",0,207.618908,2,0,0,0,0,"{'solar': 1, 'wind': 0, 'generator': 0}",285.0,741.4961,17.568,0.6
718,-411.3151742972426,0.0,411.3151742972426,0.0,457.0168603302696,0.0,457.0168603302696,457.0168603302696,0,"{'load': 1, 'battery': 1}",0,0.0,1,0,0,0,0,"{'solar': 0, 'wind': 0, 'generator': 0}",285.0,17.1302,25.56,0.8999999999999999
719,-117.49309178529845,0.0,117.49309178529845,0.0,195.8218196421641,0.0,195.8218196421641,195.8218196421641,0,"{'load': 1, 'battery': 1}",0,0.0,1,0,0,0,0,"{'solar': 0, 'wind': 0, 'generator': 0}",285.0,0.1004,3.24,0.6
720,-85.05715308708658,0.0,85.05715308708658,0.0,141.76192181181096,0.0,141.76192181181096,141.76192181181096,0,"{'load': 1, 'battery': 1}",0,0.0,1,0,0,0,0,"{'solar': 0, 'wind': 0, 'generator': 0}",285.0,0.0,4.6080000000000005,0.6
721,-304.17564691276425,9.550679999226544,294.6249669135377,209.522506,281.5191055225629,0.0,263.62454177108384,270.0,1,"{'load': 1, 'battery': 1}",1,63.66052000000001,1,0,0,0,0,"{'solar': 1, 'wind': 0, 'generator': 0}",285.0,227.359,13.644,0.6
722,-551.4713528344535,0.0,551.4713528344535,0.0,290.248080439186,0.0,290.248080439186,290.248080439186,0,"{'load': 1, 'battery': 0}",0,0.0,1,0,0,0,0,"{'solar': 0, 'wind': 0, 'generator': 0}",285.0,947.708,5.688000000000001,1.9
723,-1303.870634516719,0.0015833333333333333,1303.8690511833856,270.0,102.53401462382448,0.0,372.5340146238245,372.5340146238245,1,"{'load': 1, 'battery': 1}",1,0.0,1,0,0,0,0,"{'solar': 0, 'wind': 0, 'generator': 0}",285.0,701.8484,17.388,3.5
724,-944.2045116825944,0.6463211999999999,944.4199520825945,0.0,497.06313267504976,0.8617616,497.06313267504976,497.06313267504976,0,"{'load': 1, 'battery': 1}",0,4.308808,2,0,0,0,0,"{'solar': 1, 'wind': 0, 'generator': 0}",285.0,15.3886,21.6,1.9
725,-138.46423370025585,0.003960599999999999,138.46555390025586,0.0,230.77592316709308,0.0052807999999999996,230.77592316709308,230.77592316709308,0,"{'load': 1, 'battery': 1}",0,0.026403999999999997,2,0,0,0,0,"{'solar': 1, 'wind': 0, 'generator': 0}",285.0,0.0943,9.18,0.6
726,-92.04986454970431,0.0,92.04986454970431,0.0,153.41644091617385,0.0,153.41644091617385,153.41644091617385,0,"{'load': 1, 'battery': 1}",0,0.0,1,0,0,0,0,"{'solar': 0, 'wind': 0, 'generator': 0}",285.0,0.0,0.5040000000000001,0.6
727,-166.89409587465312,0.0,166.89409587465312,0.0,278.1568264577552,0.0,278.1568264577552,278.1568264577552,0,"{'load': 1, 'battery': 1}",0,0.0,0,0,0,0,0,"{'solar': 0, 'wind': 0, 'generator': 0}",285.0,283.1229,3.6,0.6
728,-596.3376148513928,0.0015833333333333333,596.3360315180595,270.0,43.86106922003131,0.0,313.8610692200313,313.8610692200313,1,"{'load': 1, 'battery': 1}",1,0.0,1,0,0,0,0,"{'solar': 0, 'wind': 0, 'generator': 0}",285.0,914.8426,12.420000000000002,1.9
729,-1706.3092915000318,0.0,1406.3092915000318,0.0,401.8026547142948,0.0,452.3228553379297,0.0,0,"{'load': 0, 'battery': 1}",0,0.0,1,0,0,0,0,"{'solar': 0, 'wind': 0, 'generator': 0}",285.0,805.2835,10.908,3.5
730,-996.0547967476974,2.944851,997.0364137476975,0.0,524.7560072356302,3.926468,524.7560072356302,524.7560072356302,0,"{'load': 1, 'battery': 0}",0,19.63234,2,0,0,0,0,"{'solar': 1, 'wind': 0, 'generator': 0}",285.0,70.1155,7.272,1.9
731,-368.3629682318171,0.0015833333333333333,368.3613848984838,270.0,343.9356414974729,0.0,245.19464851665776,270.0,1,"{'load': 1, 'battery': 1}",1,0.0,1,0,0,0,0,"{'solar': 0, 'wind': 0, 'generator': 0}",285.0,0.0039,20.52,0.6
732,-96.54967798855797,0.005514600000000001,96.54416338855798,0.0,160.90693898092997,0.0,160.94370298092997,160.94370298092997,0,"{'load': 1, 'battery': 1}",0,0.036764000000000005,0,0,0,0,0,"{'solar': 1, 'wind': 0, 'generator': 0}",285.0,0.1313,5.688000000000001,0.6
733,-157.15274253194943,3.0032813999999997,154.14946113194944,0.0,256.91576855324905,0.0,276.9376445532491,276.9376445532491,0,"{'load': 1, 'battery': 1}",0,20.021876,0,0,0,0,0,"{'solar': 1, 'wind': 0, 'generator': 0}",285.0,71.5067,3.2760000000000002,0.6
734,-718.6753086784407,38.04202493333334,731.3538725451074,270.0,114.9230908132144,50.7205888,384.9230908132144,384.9230908132144,1,"{'load': 1, 'battery': 1}",1,253.602944,2,0,0,0,0,"{'solar': 1, 'wind': 0, 'generator': 0}",285.0,905.7248,0.36000000000000004,1.9
735,-2804.232824319843,0.0,2804.232824319843,270.0,531.209378377098,0.0,531.209378377098,531.209378377098,0,"{'load': 1, 'battery': 0}",0,0.0,0,0,0,0,0,"{'solar': 0, 'wind': 0, 'generator': 0}",285.0,817.064,1.9440000000000002,3.5
736,-1103.904058996163,2.8117705208876544,1101.0922884752754,0.0,579.5222570922502,0.0,579.5222570922502,579.5222570922502,0,"{'load': 1, 'battery': 1}",0,18.744404000000003,1,0,0,0,0,"{'solar': 1, 'wind': 0, 'generator': 0}",285.0,66.9443,7.5600000000000005,1.9
737,-167.14086221896565,0.0,167.14086221896565,0.0,278.5681036982761,0.0,278.5681036982761,278.5681036982761,0,"{'load': 1, 'battery': 1}",0,0.0,1,0,0,0,0,"{'solar': 0, 'wind': 0, 'generator': 0}",285.0,0.0348,19.656,0.6
738,-107.31079242634907,0.0005208,107.31096602634906,0.0,178.85161004391512,0.0006944,178.85161004391512,178.85161004391512,0,"{'load': 1, 'battery': 0}",0,0.003472,2,0,0,0,0,"{'solar': 1, 'wind': 0, 'generator': 0}",285.0,0.0124,7.128,0.6
739,-183.87353160851322,2.7895686000000004,184.80338780851324,0.0,308.0056463475221,3.719424800000001,308.0056463475221,308.0056463475221,0,"{'load': 1, 'battery': 1}",0,18.597124000000004,2,0,0,0,0,"{'solar': 1, 'wind': 0, 'generator': 0}",285.0,66.4183,18.791999999999998,0.6
740,-892.3946230642732,37.74825593333335,854.6463671309399,270.0,179.81387743733686,0.0,381.4582786883891,521.644484,1,"{'load': 1, 'battery': 1}",1,251.64448400000006,0,0,0,0,0,"{'solar': 1, 'wind': 0, 'generator': 0}",285.0,898.7303,8.64,1.9
741,-1867.522175670921,27.7139016,1876.7601428709208,0.0,536.217183677406,36.9518688,536.217183677406,536.217183677406,0,"{'load': 1, 'battery': 1}",0,184.759344,2,0,0,0,0,"{'solar': 1, 'wind': 0, 'generator': 0}",285.0,659.8548,2.592,3.5
742,-1144.0227569682972,0.0,1144.0227569682972,0.0,602.1172405096302,0.0,602.1172405096302,602.1172405096302,0,"{'load': 1, 'battery': 1}",0,0.0,0,0,0,0,0,"{'solar': 0, 'wind': 0, 'generator': 0}",285.0,32.7551,18.503999999999998,1.9
743,-166.3741498511386,0.0015833333333333333,166.37256651780527,270.0,7.287610863008808,0.0,277.2876108630088,277.2876108630088,1,"{'load': 1, 'battery': 1}",1,0.0,2,0,0,0,0,"{'solar': 0, 'wind': 0, 'generator': 0}",285.0,0.0603,12.78,0.6
744,-96.58187586069023,0.0009408367802469136,96.58093502390999,0.0,160.96822503984998,0.0,160.96822503984998,160.96822503984998,0,"{'load': 1, 'battery': 1}",0,0.006272000000000001,1,0,0,0,0,"{'solar': 1, 'wind': 0, 'generator': 0}",285.0,0.0224,14.292000000000002,0.6
745,-305.1194680095917,0.0015833333333333333,305.11788467625837,270.0,238.52980779376395,0.0,217.99053775170367,270.0,1,"{'load': 1, 'battery': 1}",1,0.0,0,0,0,0,0,"{'solar': 0, 'wind': 0, 'generator': 0}",285.0,60.789,11.484,0.6
746,-717.7046229064205,36.35818795507284,681.3464349513476,0.0,358.60338681649876,0.0,358.60338681649876,358.60338681649876,0,"{'load': 1, 'battery': 1}",0,242.37844400000003,1,0,0,0,0,"{'solar': 1, 'wind': 0, 'generator': 0}",285.0,865.6373,30.96,1.9
747,-1947.699000742572,29.338823146188894,1918.3601775963832,0.0,548.1029078846809,0.0,548.1029078846809,548.1029078846809,0,"{'load': 1, 'battery': 0}",0,195.58450800000003,1,0,0,0,0,"{'solar': 1, 'wind': 0, 'generator': 0}",285.0,698.5161,27.612000000000002,3.5
748,-1100.5499077612208,0.1680042,1100.6059091612208,0.0,579.2662679795899,0.22400560000000003,579.2662679795899,579.2662679795899,0,"{'load': 1, 'battery': 1}",0,1.120028,2,0,0,0,0,"{'solar': 1, 'wind': 0, 'generator': 0}",285.0,4.0001,21.240000000000002,1.9
749,-161.56295801931364,0.0015582000000000003,161.56139981931364,0.0,269.2689996988561,0.0,269.27938769885606,269.27938769885606,0,"{'load': 1, 'battery': 0}",0,0.010388000000000001,0,0,0,0,0,"{'solar': 1, 'wind': 0, 'generator': 0}",285.0,0.0371,12.6,0.6
750,-99.6732176668241,0.003960599999999999,99.6745378668241,0.0,166.12422977804016,0.0052807999999999996,166.12422977804016,166.12422977804016,0,"{'load': 1, 'battery': 1}",0,0.026403999999999997,2,0,0,0,0,"{'solar': 1, 'wind': 0, 'generator': 0}",285.0,0.0943,2.088,0.6
751,-175.85291913717708,5.1543702,177.5710425371771,0.0,295.95173756196186,6.8724936,295.95173756196186,295.95173756196186,0,"{'load': 1, 'battery': 1}",0,34.362468,2,0,0,0,0,"{'solar': 1, 'wind': 0, 'generator': 0}",285.0,122.7231,11.268,0.6
752,-282.75292068433055,32.42472691178229,250.32819377254827,64.65382539999999,67.09785553292016,0.0,337.09785553292016,337.09785553292016,1,"{'load': 1, 'battery': 1}",1,216.15386800000002,1,0,0,0,0,"{'solar': 1, 'wind': 0, 'generator': 0}",285.0,771.9781,13.212,1.9
753,-1783.7501724540043,25.742404800000003,1492.3309740540042,0.0,426.3802783011441,34.323206400000004,465.5263907019566,0.0,0,"{'load': 0, 'battery': 1}",0,171.61603200000002,2,0,0,0,0,"{'solar': 1, 'wind': 0, 'generator': 0}",285.0,612.9144,15.156,3.5
754,-1062.979400460496,0.0,1062.979400460496,0.0,559.4628423476295,0.0,559.4628423476295,559.4628423476295,0,"{'load': 1, 'battery': 0}",0,0.0,1,0,0,0,0,"{'solar': 0, 'wind': 0, 'generator': 0}",285.0,0.0672,3.204,1.9
755,-130.58516269264564,0.0027888,130.58237389264565,0.0,217.63728982107608,0.0,217.6558818210761,217.6558818210761,0,"{'load': 1, 'battery': 0}",0,0.018592,0,0,0,0,0,"{'solar': 1, 'wind': 0, 'generator': 0}",285.0,0.0664,15.947999999999999,0.6
756,-91.66033821015772,0.0023351999999999995,91.65800301015771,0.0,152.76333835026287,0.0,152.77890635026287,152.77890635026287,0,"{'load': 1, 'battery': 1}",0,0.015567999999999999,0,0,0,0,0,"{'solar': 1, 'wind': 0, 'generator': 0}",285.0,0.0556,12.816,0.6
757,-181.77405598216788,0.0,181.77405598216788,0.0,302.9567599702798,0.0,302.9567599702798,302.9567599702798,0,"{'load': 1, 'battery': 1}",0,0.0,0,0,0,0,0,"{'solar': 0, 'wind': 0, 'generator': 0}",285.0,40.9305,1.836,0.6
758,-174.0641948925252,0.0,174.0641948925252,0.0,290.106991487542,0.0,290.106991487542,290.106991487542,0,"{'load': 1, 'battery': 1}",0,0.0,0,0,0,0,0,"{'solar': 0, 'wind': 0, 'generator': 0}",285.0,693.8025,7.704000000000001,0.6
759,-197.21784776433896,13.06780467425105,184.1500430900879,187.24742659999998,119.66931188347985,0.0,389.66931188347985,389.66931188347985,1,"{'load': 1, 'battery': 1}",1,87.107972,1,0,0,0,0,"{'solar': 1, 'wind': 0, 'generator': 0}",285.0,311.0999,5.688000000000001,0.6
760,-443.97467627567147,0.001331452050617284,443.97334482362083,0.0,493.3037164706899,0.0,493.3037164706899,493.3037164706899,0,"{'load': 1, 'battery': 1}",0,0.008876,1,0,0,0,0,"{'solar': 1, 'wind': 0, 'generator': 0}",285.0,0.0317,10.836,0.8999999999999999
761,-118.8082088154612,0.0,118.8082088154612,0.0,198.013681359102,0.0,198.013681359102,198.013681359102,0,"{'load': 1, 'battery': 1}",0,0.0,0,0,0,0,0,"{'solar': 0, 'wind': 0, 'generator': 0}",285.0,0.0819,4.032000000000001,0.6
762,-83.10700939279018,0.0037338000000000007,83.10327559279017,0.0,138.50545932131695,0.0,138.53035132131694,138.53035132131694,0,"{'load': 1, 'battery': 0}",0,0.024892000000000004,0,0,0,0,0,"{'solar': 1, 'wind': 0, 'generator': 0}",285.0,0.0889,18.791999999999998,0.6
763,-182.96720551694645,1.2513564,181.71584911694646,0.0,302.8597485282441,0.0,311.2021245282441,311.2021245282441,0,"{'load': 1, 'battery': 0}",0,8.342376,0,0,0,0,0,"{'solar': 1, 'wind': 0, 'generator': 0}",285.0,29.7942,0.0,0.6
764,-457.72274411124164,25.7340132,166.3007485112416,0.0,277.1679141854027,34.312017600000004,277.82395684939803,0.0,0,"{'load': 0, 'battery': 1}",0,171.560088,2,0,0,0,0,"{'solar': 1, 'wind': 0, 'generator': 0}",285.0,612.7146,7.308,0.6
765,-119.85730250709071,16.0307994,103.8265031070907,0.0,173.04417184515117,0.0,279.91616784515116,279.91616784515116,0,"{'load': 1, 'battery': 1}",0,106.871996,0,0,0,0,0,"{'solar': 1, 'wind': 0, 'generator': 0}",285.0,381.6857,66.744,0.6
766,-211.30135885491964,0.002788909027160494,211.29856994589247,0.0,234.77618882876942,0.0,504.7761888287694,504.7761888287694,1,"{'load': 1, 'battery': 0}",1,0.018592,1,0,0,0,0,"{'solar': 1, 'wind': 0, 'generator': 0}",15.0176624,0.0664,13.284,0.8999999999999999
767,-154.164888837399,0.0,154.164888837399,0.0,256.941481395665,0.0,256.941481395665,256.941481395665,0,"{'load': 1, 'battery': 1}",0,0.0,0,0,0,0,0,"{'solar': 0, 'wind': 0, 'generator': 0}",285.0,0.0525,9.0,0.6
768,-81.15378686702765,0.0,81.15378686702765,0.0,135.2563114450461,0.0,135.2563114450461,135.2563114450461,0,"{'load': 1, 'battery': 1}",0,0.0,2,0,0,0,0,"{'solar': 0, 'wind': 0, 'generator': 0}",285.0,0.0603,38.7,0.6
769,-185.05538545156492,0.0,185.05538545156492,0.0,308.4256424192749,0.0,308.4256424192749,308.4256424192749,0,"{'load': 1, 'battery': 1}",0,0.0,2,0,0,0,0,"{'solar': 0, 'wind': 0, 'generator': 0}",285.0,1.8552,6.8759999999999994,0.6
770,-151.42831046531577,0.0,151.42831046531577,0.0,252.38051744219297,0.0,252.38051744219297,252.38051744219297,0,"{'load': 1, 'battery': 1}",0,0.0,0,0,0,0,0,"{'solar': 0, 'wind': 0, 'generator': 0}",285.0,134.0023,11.520000000000001,0.6
771,-181.6366214309101,0.0,181.6366214309101,0.0,302.7277023848502,0.0,302.7277023848502,302.7277023848502,0,"{'load': 1, 'battery': 1}",0,0.0,2,0,0,0,0,"{'solar': 0, 'wind': 0, 'generator': 0}",285.0,256.7014,15.984000000000002,0.6
772,-473.3626991655784,0.0,473.3626991655784,0.0,525.9585546284205,0.0,525.9585546284205,525.9585546284205,0,"{'load': 1, 'battery': 1}",0,0.0,2,0,0,0,0,"{'solar': 0, 'wind': 0, 'generator': 0}",285.0,0.0209,20.304,0.8999999999999999
773,-191.087672664858,0.0024654000000000004,191.08520726485798,0.0,318.47534544142997,0.0,318.49178144142996,318.49178144142996,0,"{'load': 1, 'battery': 1}",0,0.016436000000000003,0,0,0,0,0,"{'solar': 1, 'wind': 0, 'generator': 0}",285.0,0.0587,8.604000000000001,0.6
774,-146.14772552143322,0.0,146.14772552143322,0.0,243.57954253572203,0.0,243.57954253572203,243.57954253572203,0,"{'load': 1, 'battery': 1}",0,0.0,2,0,0,0,0,"{'solar': 0, 'wind': 0, 'generator': 0}",285.0,0.0789,14.544,0.6
775,-287.7201770499995,0.05885460000000001,287.6613224499995,0.0,479.43553741666585,0.0,479.82790141666584,479.82790141666584,0,"{'load': 1, 'battery': 1}",0,0.39236400000000005,0,0,0,0,0,"{'solar': 1, 'wind': 0, 'generator': 0}",285.0,1.4013,11.088000000000001,0.6
776,-155.23409601207732,19.8780708,161.86011961207734,0.0,269.76686602012893,26.504094400000003,269.76686602012893,269.76686602012893,0,"{'load': 1, 'battery': 1}",0,132.520472,2,0,0,0,0,"{'solar': 1, 'wind': 0, 'generator': 0}",285.0,473.2874,15.192,0.6
777,-182.74678176761577,0.0,182.74678176761577,0.0,304.577969612693,0.0,304.577969612693,304.577969612693,0,"{'load': 1, 'battery': 1}",0,0.0,1,0,0,0,0,"{'solar': 0, 'wind': 0, 'generator': 0}",285.0,385.9858,20.88,0.6
778,-496.73179281661777,0.0036287333333333335,496.7281640832844,270.0,281.9201823147605,0.0,551.9338183147605,551.9338183147605,1,"{'load': 1, 'battery': 1}",1,0.013636000000000002,0,0,0,0,0,"{'solar': 1, 'wind': 0, 'generator': 0}",285.0,0.0487,14.76,0.8999999999999999
779,-203.02674075650643,0.0,203.02674075650643,0.0,338.37790126084406,0.0,338.37790126084406,338.37790126084406,0,"{'load': 1, 'battery': 1}",0,0.0,1,0,0,0,0,"{'solar': 0, 'wind': 0, 'generator': 0}",285.0,0.0456,19.404,0.6
780,-161.985662855235,0.0,161.985662855235,0.0,269.976104758725,0.0,269.976104758725,269.976104758725,0,"{'load': 1, 'battery': 1}",0,0.0,2,0,0,0,0,"{'solar': 0, 'wind': 0, 'generator': 0}",285.0,0.0155,27.072,0.6
781,-312.48978698711346,0.05786566214938272,312.4319213249641,0.0,520.7198688749402,0.0,520.7198688749402,520.7198688749402,0,"{'load': 1, 'battery': 1}",0,0.38575600000000004,1,0,0,0,0,"{'solar': 1, 'wind': 0, 'generator': 0}",285.0,1.3777,13.104000000000001,0.6
782,-152.71880551454694,9.817285799999999,142.90151971454694,0.0,238.1691995242449,0.0,303.6177715242449,303.6177715242449,0,"{'load': 1, 'battery': 1}",0,65.448572,0,0,0,0,0,"{'solar': 1, 'wind': 0, 'generator': 0}",285.0,233.7449,24.804,0.6
783,-107.72651694449168,19.681187400000002,88.04532954449168,0.0,146.74221590748613,0.0,277.95013190748614,277.95013190748614,0,"{'load': 1, 'battery': 1}",0,131.207916,0,0,0,0,0,"{'solar': 1, 'wind': 0, 'generator': 0}",285.0,468.5997,15.947999999999999,0.6
784,-480.07209940850316,0.0030829205209876548,480.0690164879822,0.0,533.4100183199803,0.0,533.4100183199803,533.4100183199803,0,"{'load': 1, 'battery': 1}",0,0.020552000000000004,1,0,0,0,0,"{'solar': 1, 'wind': 0, 'generator': 0}",285.0,0.0734,53.496,0.8999999999999999
785,-233.530767298045,0.0014615999999999997,233.529305698045,0.0,389.2155094967417,0.0,389.2252534967417,389.2252534967417,0,"{'load': 1, 'battery': 1}",0,0.009744,0,0,0,0,0,"{'solar': 1, 'wind': 0, 'generator': 0}",285.0,0.0348,47.519999999999996,0.6
786,-134.5387506755027,0.0,134.5387506755027,0.0,224.23125112583787,0.0,224.23125112583787,224.23125112583787,0,"{'load': 1, 'battery': 1}",0,0.0,2,0,0,0,0,"{'solar': 0, 'wind': 0, 'generator': 0}",285.0,0.0433,17.352,0.6
787,-445.6885714619213,0.14661353333333332,445.541957928588,270.0,472.56992988097994,0.0,473.5367978809799,473.5367978809799,0,"{'load': 1, 'battery': 1}",0,0.9668680000000001,0,0,0,0,0,"{'solar': 1, 'wind': 0, 'generator': 0}",285.0,3.4531,9.9,0.6
788,-180.51971151177904,0.0,180.51971151177904,0.0,300.8661858529651,0.0,300.8661858529651,300.8661858529651,0,"{'load': 1, 'battery': 0}",0,0.0,0,0,0,0,0,"{'solar': 0, 'wind': 0, 'generator': 0}",285.0,611.5236,40.14,0.6
789,-86.62003298431867,24.5916342,62.02839878431866,0.0,103.38066464053111,0.0,267.3248926405311,267.3248926405311,0,"{'load': 1, 'battery': 1}",0,163.944228,0,0,0,0,0,"{'solar': 1, 'wind': 0, 'generator': 0}",285.0,585.5151,8.712,0.6
790,-483.6261965348302,0.0021084,483.62408813483023,0.0,537.3600979275892,0.0,537.3741539275892,537.3741539275892,0,"{'load': 1, 'battery': 1}",0,0.014056,0,0,0,0,0,"{'solar': 1, 'wind': 0, 'generator': 0}",285.0,0.0502,5.9399999999999995,0.8999999999999999
791,-186.91696258630859,0.0015833333333333333,186.91537925297524,270.0,41.52563208829207,0.0,311.52563208829207,311.52563208829207,1,"{'load': 1, 'battery': 1}",1,0.0,0,0,0,0,0,"{'solar': 0, 'wind': 0, 'generator': 0}",285.0,0.0425,14.004000000000001,0.6
792,-98.23679412733091,0.0004200164197530865,98.23637411091116,0.0,163.72729018485194,0.0,163.72729018485194,163.72729018485194,0,"{'load': 1, 'battery': 1}",0,0.0028000000000000004,1,0,0,0,0,"{'solar': 1, 'wind': 0, 'generator': 0}",285.0,0.01,14.904,0.6
793,-262.4268560708537,1.250718,262.8437620708537,0.0,438.07293678475617,1.667624,438.07293678475617,438.07293678475617,0,"{'load': 1, 'battery': 1}",0,8.33812,2,0,0,0,0,"{'solar': 1, 'wind': 0, 'generator': 0}",285.0,29.779,15.588000000000001,0.6
794,-177.68571143352318,31.377948261955556,146.30776317156761,0.0,243.8462719526127,0.0,243.8462719526127,243.8462719526127,0,"{'load': 1, 'battery': 1}",0,209.178144,1,0,0,0,0,"{'solar': 1, 'wind': 0, 'generator': 0}",285.0,747.0648,5.760000000000001,0.6
795,-474.6010998242929,28.019598600000005,146.5815012242929,0.0,244.30250204048818,0.0,256.04566208169234,186.79732400000003,0,"{'load': 0, 'battery': 1}",0,186.79732400000003,0,0,0,0,0,"{'solar': 1, 'wind': 0, 'generator': 0}",285.0,667.1333,22.824,0.6
796,-655.5234468999566,0.0270144,655.5324516999567,270.0,458.3693907777298,0.0360192,458.3693907777298,458.3693907777298,0,"{'load': 1, 'battery': 0}",0,0.180096,2,0,0,0,0,"{'solar': 1, 'wind': 0, 'generator': 0}",285.0,0.6432,9.432,0.8999999999999999
797,-181.40573597114482,0.0,181.40573597114482,0.0,302.34289328524136,0.0,302.34289328524136,302.34289328524136,0,"{'load': 1, 'battery': 1}",0,0.0,1,0,0,0,0,"{'solar': 0, 'wind': 0, 'generator': 0}",285.0,0.0665,14.868,0.6
798,-94.16462593612916,0.0,94.16462593612916,0.0,156.94104322688193,0.0,156.94104322688193,156.94104322688193,0,"{'load': 1, 'battery': 1}",0,0.0,2,0,0,0,0,"{'solar': 1, 'wind': 0, 'generator': 0}",285.0,0.0,18.936,0.6
799,-162.45897441027836,0.0,162.45897441027836,0.0,270.76495735046393,0.0,270.76495735046393,270.76495735046393,0,"{'load': 1, 'battery': 1}",0,0.0,2,0,0,0,0,"{'solar': 0, 'wind': 0, 'generator': 0}",285.0,77.2296,13.895999999999999,0.6
800,-43.65478226313203,35.146146,8.508636263132024,0.0,14.181060438553374,0.0,248.4887004385534,248.4887004385534,0,"{'load': 1, 'battery': 1}",0,234.30764000000002,0,0,0,0,0,"{'solar': 1, 'wind': 0, 'generator': 0}",285.0,836.813,11.196,0.6
801,-169.48468468321204,0.0,169.48468468321204,0.0,282.47447447202006,0.0,282.47447447202006,282.47447447202006,0,"{'load': 1, 'battery': 1}",0,0.0,0,0,0,0,0,"{'solar': 0, 'wind': 0, 'generator': 0}",285.0,714.3912,14.76,0.6
802,-413.4352793352651,0.2708748,413.1644045352651,0.0,459.071560594739,0.0,460.87739259473904,460.87739259473904,0,"{'load': 1, 'battery': 1}",0,1.805832,0,0,0,0,0,"{'solar': 1, 'wind': 0, 'generator': 0}",285.0,6.4494,23.003999999999998,0.8999999999999999
803,-114.28788908709355,0.0,114.28788908709355,0.0,190.47981514515592,0.0,190.47981514515592,190.47981514515592,0,"{'load': 1, 'battery': 1}",0,0.0,0,0,0,0,0,"{'solar': 1, 'wind': 0, 'generator': 0}",285.0,0.0,18.036,0.6
804,-84.37054603733222,0.0,84.37054603733222,0.0,140.61757672888703,0.0,140.61757672888703,140.61757672888703,0,"{'load': 1, 'battery': 1}",0,0.0,0,0,0,0,0,"{'solar': 1, 'wind': 0, 'generator': 0}",285.0,0.0,4.212,0.6
805,-140.35064389387585,9.164395800000001,131.18624809387586,0.0,218.64374682312643,0.0,279.73971882312645,279.73971882312645,0,"{'load': 1, 'battery': 1}",0,61.09597200000001,0,0,0,0,0,"{'solar': 1, 'wind': 0, 'generator': 0}",285.0,218.1999,3.6,0.6
806,-517.2727707187547,39.843031200000006,477.4297395187547,0.0,251.2788102730288,0.0,250.91798019005785,265.62020800000005,0,"{'load': 1, 'battery': 1}",0,265.62020800000005,0,0,0,0,0,"{'solar': 1, 'wind': 0, 'generator': 0}",285.0,948.6436,9.972,1.9
807,-596.7326815436459,31.569753599999995,565.1629279436459,0.0,161.4751222696131,0.0,371.9401462696131,371.9401462696131,0,"{'load': 1, 'battery': 1}",0,210.46502399999997,0,0,0,0,0,"{'solar': 1, 'wind': 0, 'generator': 0}",285.0,751.6608,8.64,3.5
808,-903.221497339933,0.0,903.221497339933,0.0,475.37973544207,0.0,475.37973544207,475.37973544207,0,"{'load': 1, 'battery': 1}",0,0.0,0,0,0,0,0,"{'solar': 0, 'wind': 0, 'generator': 0}",285.0,31.1801,10.44,1.9
809,-129.51468811581847,0.0006804,129.51400771581848,0.0,215.85667952636413,0.0,215.86121552636413,215.86121552636413,0,"{'load': 1, 'battery': 1}",0,0.004536,0,0,0,0,0,"{'solar': 1, 'wind': 0, 'generator': 0}",285.0,0.0162,19.476000000000003,0.6
810,-249.5590668182976,0.0015833333333333333,249.55748348496425,270.0,145.9291391416071,0.0,145.515657771466,270.0,1,"{'load': 1, 'battery': 1}",1,0.0,0,0,0,0,0,"{'solar': 0, 'wind': 0, 'generator': 0}",285.0,0.1863,18.144000000000002,0.6
811,-161.84641203060337,0.0,161.84641203060337,0.0,269.74402005100563,0.0,269.74402005100563,269.74402005100563,0,"{'load': 1, 'battery': 1}",0,0.0,1,0,0,0,0,"{'solar': 0, 'wind': 0, 'generator': 0}",285.0,34.6031,8.784,0.6
812,-407.71609705049013,0.0,407.71609705049013,0.0,214.58741950025797,0.0,214.58741950025797,214.58741950025797,0,"{'load': 1, 'battery': 1}",0,0.0,2,0,0,0,0,"{'solar': 0, 'wind': 0, 'generator': 0}",285.0,923.4333,6.12,1.9
813,-1653.2614702040405,33.5909322,1319.6705380040405,0.0,377.0487251440116,0.0,423.42913306803825,223.939548,0,"{'load': 0, 'battery': 1}",0,223.939548,0,0,0,0,0,"{'solar': 1, 'wind': 0, 'generator': 0}",285.0,799.7841,26.712,3.5
814,-949.8812472781361,0.0,949.8812472781361,0.0,499.9374985674401,0.0,499.9374985674401,499.9374985674401,0,"{'load': 1, 'battery': 1}",0,0.0,0,0,0,0,0,"{'solar': 0, 'wind': 0, 'generator': 0}",285.0,20.1963,13.32,1.9
815,-195.6700675729776,0.0015833333333333333,195.66848423964424,270.0,56.11414039940706,0.0,230.71044668849507,270.0,1,"{'load': 1, 'battery': 1}",1,0.0,1,0,0,0,0,"{'solar': 0, 'wind': 0, 'generator': 0}",285.0,0.051,5.58,0.6
816,-92.96550746921515,0.0,92.96550746921515,0.0,154.94251244869193,0.0,154.94251244869193,154.94251244869193,0,"{'load': 1, 'battery': 1}",0,0.0,0,0,0,0,0,"{'solar': 1, 'wind': 0, 'generator': 0}",285.0,0.0,8.928,0.6
817,-179.97027945669637,8.777956757733332,171.19232269896304,0.0,285.32053783160507,0.0,285.32053783160507,285.32053783160507,0,"{'load': 1, 'battery': 1}",0,58.517424,1,0,0,0,0,"{'solar': 1, 'wind': 0, 'generator': 0}",285.0,208.9908,11.268,0.6
818,-698.4966275381839,38.33521433333334,660.1614132048506,270.0,77.45337537097402,0.0,333.01091537097403,333.01091537097403,0,"{'load': 1, 'battery': 1}",0,255.55754000000002,0,0,0,0,0,"{'solar': 1, 'wind': 0, 'generator': 0}",285.0,912.7055,6.156,1.9
819,-1691.7370626383404,0.0,1691.7370626383404,0.0,483.3534464680972,0.0,483.3534464680972,483.3534464680972,0,"{'load': 1, 'battery': 1}",0,0.0,0,0,0,0,0,"{'solar': 0, 'wind': 0, 'generator': 0}",285.0,772.7156,2.4120000000000004,3.5
820,-1037.962769679474,2.2538879115148154,1035.7088817679592,0.0,545.1099377726101,0.0,545.1099377726101,545.1099377726101,0,"{'load': 1, 'battery': 1}",0,15.025332000000002,1,0,0,0,0,"{'solar': 1, 'wind': 0, 'generator': 0}",285.0,53.6619,2.8080000000000003,1.9
821,-523.0030791001936,0.0008106000000000001,223.0022685001936,0.0,371.67044750032267,0.0,269.95320523182403,0.005404000000000001,0,"{'load': 0, 'battery': 1}",0,0.005404000000000001,0,0,0,0,0,"{'solar': 1, 'wind': 0, 'generator': 0}",285.0,0.0193,14.508000000000001,0.6
822,-107.91794635213195,0.0016884,107.91625795213194,0.0,179.8604299202199,0.0,179.8716859202199,179.8716859202199,0,"{'load': 1, 'battery': 1}",0,0.011256,0,0,0,0,0,"{'solar': 1, 'wind': 0, 'generator': 0}",285.0,0.0402,4.752000000000001,0.6
823,-179.9669502727457,0.0,179.9669502727457,0.0,299.94491712124284,0.0,299.94491712124284,299.94491712124284,0,"{'load': 1, 'battery': 1}",0,0.0,1,0,0,0,0,"{'solar': 0, 'wind': 0, 'generator': 0}",285.0,101.5396,1.512,0.6
824,-752.6879997017313,23.788117151762965,728.8998825499683,0.0,383.6315171315623,0.0,383.6315171315623,383.6315171315623,0,"{'load': 1, 'battery': 1}",0,158.58124800000002,1,0,0,0,0,"{'solar': 1, 'wind': 0, 'generator': 0}",285.0,566.3616,9.828,1.9
825,-1156.1442357160076,32.6828124,1123.4614233160075,0.0,320.98897809028784,0.0,538.8743940902879,538.8743940902879,0,"{'load': 1, 'battery': 1}",0,217.88541600000002,0,0,0,0,0,"{'solar': 1, 'wind': 0, 'generator': 0}",285.0,778.1622,13.572000000000001,3.5
826,-1069.8811510626308,2.3880234,1067.4931276626307,0.0,561.8384882434899,0.0,577.7586442434899,577.7586442434899,0,"{'load': 1, 'battery': 0}",0,15.920156,0,0,0,0,0,"{'solar': 1, 'wind': 0, 'generator': 0}",285.0,56.8577,20.232,1.9
827,-167.9681896370459,0.0010038,167.9671858370459,0.0,279.9453097284098,0.0,279.9520017284098,279.9520017284098,0,"{'load': 1, 'battery': 1}",0,0.006692,0,0,0,0,0,"{'solar': 1, 'wind': 0, 'generator': 0}",285.0,0.0239,4.788,0.6
828,-106.7018184366822,0.0040236,106.6977948366822,0.0,177.82965806113702,0.0,177.85648206113703,177.85648206113703,0,"{'load': 1, 'battery': 1}",0,0.026824,0,0,0,0,0,"{'solar': 1, 'wind': 0, 'generator': 0}",285.0,0.0958,6.5520000000000005,0.6
829,-183.33259212055845,0.0,183.33259212055845,0.0,305.55432020093076,0.0,305.55432020093076,305.55432020093076,0,"{'load': 1, 'battery': 1}",0,0.0,2,0,0,0,0,"{'solar': 0, 'wind': 0, 'generator': 0}",285.0,59.1973,0.36000000000000004,0.6
830,-758.4630005231538,35.565436363938275,722.8975641592156,0.0,380.47240218906086,0.0,380.47240218906086,380.47240218906086,0,"{'load': 1, 'battery': 1}",0,237.09364000000002,1,0,0,0,0,"{'solar': 1, 'wind': 0, 'generator': 0}",285.0,846.763,11.484,1.9
831,-636.1713827088931,0.0,636.1713827088931,0.0,181.7632522025409,0.0,451.7632522025409,451.7632522025409,1,"{'load': 1, 'battery': 0}",1,0.0,1,0,0,0,0,"{'solar': 0, 'wind': 0, 'generator': 0}",15.0,736.5272,21.240000000000002,3.5
832,-1134.6601917902537,0.0,1134.6601917902537,0.0,597.1895746264494,0.0,597.1895746264494,597.1895746264494,0,"{'load': 1, 'battery': 1}",0,0.0,0,0,0,0,0,"{'solar': 0, 'wind': 0, 'generator': 0}",285.0,14.9256,5.148,1.9
833,-158.48204550983868,0.0,158.48204550983868,0.0,264.1367425163978,0.0,264.1367425163978,264.1367425163978,0,"{'load': 1, 'battery': 1}",0,0.0,1,0,0,0,0,"{'solar': 0, 'wind': 0, 'generator': 0}",285.0,0.0286,6.444,0.6
834,-104.35130793576992,0.0017514684703703709,104.34955646729955,0.0,173.91592744549925,0.0,173.91592744549925,173.91592744549925,0,"{'load': 1, 'battery': 1}",0,0.011676000000000002,1,0,0,0,0,"{'solar': 1, 'wind': 0, 'generator': 0}",285.0,0.0417,6.84,0.6
835,-180.94884095680644,1.2836586,179.66518235680644,0.0,299.4419705946774,0.0,307.9996945946774,307.9996945946774,0,"{'load': 1, 'battery': 1}",0,8.557724,0,0,0,0,0,"{'solar': 1, 'wind': 0, 'generator': 0}",285.0,30.5633,6.8759999999999994,0.6
836,-695.2664325531034,18.5600394,701.4531123531034,0.0,369.1858486068965,24.7467192,369.1858486068965,369.1858486068965,0,"{'load': 1, 'battery': 1}",0,123.733596,2,0,0,0,0,"{'solar': 1, 'wind': 0, 'generator': 0}",285.0,441.9057,5.184,1.9
837,-1697.043697291137,27.08890859000494,1669.9547887011322,0.0,477.12993962889493,0.0,477.12993962889493,477.12993962889493,0,"{'load': 1, 'battery': 1}",0,180.585664,1,0,0,0,0,"{'solar': 1, 'wind': 0, 'generator': 0}",285.0,644.9488,10.404,3.5
838,-1104.9931852649622,0.0,1104.9931852649622,0.0,581.5753606657696,0.0,581.5753606657696,581.5753606657696,0,"{'load': 1, 'battery': 1}",0,0.0,0,0,0,0,0,"{'solar': 0, 'wind': 0, 'generator': 0}",285.0,0.4731,9.288,1.9
839,-146.96982686005674,0.0,146.96982686005674,0.0,244.9497114334279,0.0,244.9497114334279,244.9497114334279,0,"{'load': 1, 'battery': 1}",0,0.0,2,0,0,0,0,"{'solar': 0, 'wind': 0, 'generator': 0}",285.0,0.0386,12.78,0.6
840,-253.13594496195384,0.002595701474074074,253.13334926047978,269.9843858,151.90452963413298,0.0,151.90452963413298,151.90452963413298,0,"{'load': 1, 'battery': 0}",0,0.017304,1,0,0,0,0,"{'solar': 1, 'wind': 0, 'generator': 0}",285.0,0.0618,13.428,0.6
841,-166.90947138717868,3.5403942,168.08960278717868,0.0,280.14933797863114,4.720525600000001,280.14933797863114,280.14933797863114,0,"{'load': 1, 'battery': 1}",0,23.602628000000003,2,0,0,0,0,"{'solar': 1, 'wind': 0, 'generator': 0}",285.0,84.2951,12.78,0.6
842,-96.13604106824485,32.754629156651674,63.38141191159318,62.56444859999996,43.071237919322016,0.0,313.071237919322,313.071237919322,1,"{'load': 1, 'battery': 1}",1,218.35321200000004,1,0,0,0,0,"{'solar': 1, 'wind': 0, 'generator': 0}",285.0,779.8329,7.416,0.6
843,-176.8381617392387,22.6280124,154.2101493392387,0.0,257.0169155653979,0.0,407.87033156539786,407.8703315653979,0,"{'load': 1, 'battery': 1}",0,150.853416,0,0,0,0,0,"{'solar': 1, 'wind': 0, 'generator': 0}",285.0,538.7622,25.2,0.6
844,-493.52806671829876,0.0009072354666666668,493.5271594828321,0.0,548.3635105364801,0.0,548.3635105364801,548.3635105364801,0,"{'load': 1, 'battery': 1}",0,0.006048000000000001,1,0,0,0,0,"{'solar': 1, 'wind': 0, 'generator': 0}",285.0,0.0216,24.840000000000003,0.8999999999999999
845,-122.734441824399,0.0,122.734441824399,0.0,204.557403040665,0.0,204.557403040665,204.557403040665,0,"{'load': 1, 'battery': 1}",0,0.0,1,0,0,0,0,"{'solar': 0, 'wind': 0, 'generator': 0}",285.0,0.0641,11.16,0.6
846,-84.13202983714612,0.0027888,84.12924103714612,0.0,140.21540172857686,0.0,140.23399372857688,140.23399372857688,0,"{'load': 1, 'battery': 1}",0,0.018592,0,0,0,0,0,"{'solar': 1, 'wind': 0, 'generator': 0}",285.0,0.0664,1.836,0.6
847,-182.816431886643,1.9074048,183.452233486643,0.0,305.75372247773834,2.5432064000000003,305.75372247773834,305.75372247773834,0,"{'load': 1, 'battery': 1}",0,12.716032,2,0,0,0,0,"{'solar': 1, 'wind': 0, 'generator': 0}",285.0,45.4144,24.084000000000003,0.6
848,-79.26443985929221,26.0294202,53.235019659292206,0.0,88.72503276548701,0.0,262.254500765487,262.254500765487,0,"{'load': 1, 'battery': 1}",0,173.529468,0,0,0,0,0,"{'solar': 1, 'wind': 0, 'generator': 0}",285.0,619.7481,13.968,0.6
849,-201.55494655076242,18.082458699761723,183.4724878510007,0.0,305.78747975166783,0.0,305.78747975166783,305.78747975166783,0,"{'load': 1, 'battery': 1}",0,120.54501199999999,1,0,0,0,0,"{'solar': 1, 'wind': 0, 'generator': 0}",285.0,430.5179,21.744,0.6
850,-454.76378321087645,0.0015833333333333333,454.76219987754314,270.0,235.2913331972702,0.0,505.2913331972702,505.2913331972702,1,"{'load': 1, 'battery': 1}",1,0.0,1,0,0,0,0,"{'solar': 0, 'wind': 0, 'generator': 0}",285.0,0.01,17.208000000000002,0.8999999999999999
851,-159.56385693282076,9.660377654320989e-05,159.56376032904421,0.0,265.93960054840704,0.0,265.93960054840704,265.93960054840704,0,"{'load': 1, 'battery': 1}",0,0.000644,1,0,0,0,0,"{'solar': 1, 'wind': 0, 'generator': 0}",285.0,0.0023,19.224,0.6
852,-245.11618840342206,0.0015833333333333333,245.11460507008871,270.0,138.5243417834812,0.0,135.14897775122293,270.0,1,"{'load': 1, 'battery': 1}",1,0.0,2,0,0,0,0,"{'solar': 0, 'wind': 0, 'generator': 0}",285.0,0.0866,11.988000000000001,0.6
853,-177.01102112824552,0.0,177.01102112824552,0.0,295.01836854707585,0.0,295.01836854707585,295.01836854707585,0,"{'load': 1, 'battery': 0}",0,0.0,1,0,0,0,0,"{'solar': 0, 'wind': 0, 'generator': 0}",285.0,3.9676,18.720000000000002,0.6
854,-154.1646044359024,21.3432702,161.27902783590238,0.0,268.798379726504,28.4576936,268.798379726504,268.798379726504,0,"{'load': 1, 'battery': 0}",0,142.288468,2,0,0,0,0,"{'solar': 1, 'wind': 0, 'generator': 0}",285.0,508.1731,46.62,0.6
855,-157.67838110749602,0.0,157.67838110749602,0.0,262.7973018458267,0.0,262.7973018458267,262.7973018458267,0,"{'load': 1, 'battery': 1}",0,0.0,2,0,0,0,0,"{'solar': 0, 'wind': 0, 'generator': 0}",285.0,386.5144,39.06,0.6
856,-439.57523394366325,0.001008,439.57422594366324,0.0,488.4158066040703,0.0,488.4225266040703,488.4225266040703,0,"{'load': 1, 'battery': 1}",0,0.00672,0,0,0,0,0,"{'solar': 1, 'wind': 0, 'generator': 0}",285.0,0.024,21.168,0.8999999999999999
857,-176.09409392298045,0.0,176.09409392298045,0.0,293.49015653830077,0.0,293.49015653830077,293.49015653830077,0,"{'load': 1, 'battery': 1}",0,0.0,0,0,0,0,0,"{'solar': 0, 'wind': 0, 'generator': 0}",285.0,0.0587,7.884,0.6
858,-124.38402987833523,0.0,124.38402987833523,0.0,207.30671646389206,0.0,207.30671646389206,207.30671646389206,0,"{'load': 1, 'battery': 1}",0,0.0,2,0,0,0,0,"{'solar': 0, 'wind': 0, 'generator': 0}",285.0,0.0626,15.515999999999998,0.6
859,-269.2267983894339,0.0880908,269.2561619894339,0.0,448.7602699823899,0.11745440000000001,448.7602699823899,448.7602699823899,0,"{'load': 1, 'battery': 0}",0,0.587272,2,0,0,0,0,"{'solar': 1, 'wind': 0, 'generator': 0}",285.0,2.0974,23.364,0.6
860,-376.93262563655225,8.817807533333333,368.1148181032189,270.0,343.5246968386983,0.0,305.1957712721151,328.774828,1,"{'load': 1, 'battery': 1}",1,58.77482800000001,0,0,0,0,0,"{'solar': 1, 'wind': 0, 'generator': 0}",285.0,209.9101,7.956,0.6
861,-186.99280905360177,13.60273157324321,173.39007748035857,0.0,288.9834624672643,0.0,288.9834624672643,288.9834624672643,0,"{'load': 1, 'battery': 1}",0,90.681332,1,0,0,0,0,"{'solar': 1, 'wind': 0, 'generator': 0}",285.0,323.8619,9.576,0.6
862,-422.93677164377357,0.0015833333333333333,422.93518831044025,270.0,199.92798701160035,0.0,469.92798701160035,469.92798701160035,1,"{'load': 1, 'battery': 1}",1,0.0,0,0,0,0,0,"{'solar': 0, 'wind': 0, 'generator': 0}",285.0,0.0263,4.86,0.8999999999999999
863,-300.0042,0.0042,0.0,0.0,0.0,0.0,34.0,0.0,0,"{'load': 0, 'battery': 0}",0,0.028,0,0,0,0,0,"{'solar': 0, 'wind': 0, 'generator': 0}",15.0,0.1,40.0,0.6
864,-173.51680738530604,0.0029862,173.51382118530603,269.981513,19.20818897551004,0.0,289.22809697551,289.22809697551,1,"{'load': 1, 'battery': 0}",1,0.019908000000000002,0,0,0,0,0,"{'solar': 1, 'wind': 0, 'generator': 0}",15.0,0.0711,3.3120000000000003,0.6
865,-308.337348395532,0.029757,308.307591395532,0.0,513.84598565922,0.0,514.04436565922,514.04436565922,0,"{'load': 1, 'battery': 0}",0,0.19838,0,0,0,0,0,"{'solar': 1, 'wind': 0, 'generator': 0}",285.0,0.7085,4.212,0.6
866,-215.429263180146,0.0,215.429263180146,0.0,359.04877196691,0.0,359.04877196691,359.04877196691,0,"{'load': 1, 'battery': 1}",0,0.0,1,0,0,0,0,"{'solar': 0, 'wind': 0, 'generator': 0}",285.0,428.2502,13.392000000000001,0.6
867,-200.60379155159765,15.46349251619753,185.14029903540012,0.0,308.5671650590002,0.0,308.5671650590002,308.5671650590002,0,"{'load': 1, 'battery': 1}",0,103.08592,1,0,0,0,0,"{'solar': 1, 'wind': 0, 'generator': 0}",285.0,368.164,15.408000000000001,0.6
868,-489.5401224635838,0.0007769999999999999,489.5403814635838,0.0,543.9337571817598,0.001036,543.9337571817598,543.9337571817598,0,"{'load': 1, 'battery': 1}",0,0.00518,2,0,0,0,0,"{'solar': 1, 'wind': 0, 'generator': 0}",285.0,0.0185,25.776,0.8999999999999999
869,-521.4458818879799,0.0,221.44588188797994,0.0,369.0764698132999,0.0,299.53486364423594,0.0,0,"{'load': 0, 'battery': 1}",0,0.0,2,0,0,0,0,"{'solar': 0, 'wind': 0, 'generator': 0}",285.0,0.0402,22.968,0.6
870,-146.98196775085862,0.0,146.98196775085862,0.0,244.96994625143103,0.0,244.96994625143103,244.96994625143103,0,"{'load': 1, 'battery': 1}",0,0.0,0,0,0,0,0,"{'solar': 0, 'wind': 0, 'generator': 0}",285.0,0.0773,24.48,0.6
871,-317.1602705457697,0.058737000000000004,317.1798495457697,0.0,528.6330825762828,0.07831600000000001,528.6330825762828,528.6330825762828,0,"{'load': 1, 'battery': 1}",0,0.39158000000000004,2,0,0,0,0,"{'solar': 1, 'wind': 0, 'generator': 0}",285.0,1.3985,27.684,0.6
872,-188.1320106767618,0.0,188.1320106767618,0.0,313.55335112793637,0.0,313.55335112793637,313.55335112793637,0,"{'load': 1, 'battery': 1}",0,0.0,0,0,0,0,0,"{'solar': 0, 'wind': 0, 'generator': 0}",285.0,610.6164,6.6240000000000006,0.6
873,-180.10133231351273,0.0015833333333333333,180.09974898017938,270.0,30.166248300299003,0.0,300.166248300299,300.166248300299,1,"{'load': 1, 'battery': 1}",1,0.0,0,0,0,0,0,"{'solar': 0, 'wind': 0, 'generator': 0}",285.0,525.7324,13.068,0.6
874,-457.62673602927634,0.0,457.62673602927634,0.0,508.4741511436404,0.0,508.4741511436404,508.4741511436404,0,"{'load': 1, 'battery': 1}",0,0.0,0,0,0,0,0,"{'solar': 0, 'wind': 0, 'generator': 0}",285.0,0.0054,3.528,0.8999999999999999
875,-334.5397205023936,0.0015833333333333333,334.5381371690603,270.0,287.56356194843386,0.0,287.56356194843386,287.56356194843386,0,"{'load': 1, 'battery': 1}",0,0.0,2,0,0,0,0,"{'solar': 0, 'wind': 0, 'generator': 0}",285.0,0.0858,13.212,0.6
876,-108.93156256266971,0.0035364,108.92802616266971,0.0,181.54671027111618,0.0,181.57028627111617,181.57028627111617,0,"{'load': 1, 'battery': 1}",0,0.023576,0,0,0,0,0,"{'solar': 1, 'wind': 0, 'generator': 0}",285.0,0.0842,7.524,0.6
877,-230.78449865470793,0.0015833333333333333,230.7829153213746,270.0,114.63819220229101,0.0,384.638192202291,384.638192202291,1,"{'load': 1, 'battery': 1}",1,0.0,1,0,0,0,0,"{'solar': 0, 'wind': 0, 'generator': 0}",285.0,5.1691,3.204,0.6
878,-510.1422012677154,21.92211440389012,188.2200868638253,0.0,313.70014477304215,0.0,281.43527635267,0.0,0,"{'load': 0, 'battery': 1}",0,146.141716,1,0,0,0,0,"{'solar': 1, 'wind': 0, 'generator': 0}",285.0,521.9347,1.0080000000000002,0.6
879,-93.65663613802133,23.174381999999994,70.48225413802133,0.0,117.47042356336888,0.0,271.96630356336885,271.96630356336885,0,"{'load': 1, 'battery': 1}",0,154.49587999999997,0,0,0,0,0,"{'solar': 1, 'wind': 0, 'generator': 0}",285.0,551.771,9.612,0.6
880,-427.65433071153035,0.028606200000000002,427.62572451153034,0.0,475.1396939017004,0.0,475.3304019017004,475.3304019017004,0,"{'load': 1, 'battery': 1}",0,0.19070800000000002,0,0,0,0,0,"{'solar': 1, 'wind': 0, 'generator': 0}",285.0,0.6811,19.944,0.8999999999999999
881,-162.61512112917103,0.0,162.61512112917103,0.0,271.0252018819517,0.0,271.0252018819517,271.0252018819517,0,"{'load': 1, 'battery': 1}",0,0.0,2,0,0,0,0,"{'solar': 0, 'wind': 0, 'generator': 0}",285.0,0.0,4.392,0.6
882,-128.5365944865881,0.002759399999999999,128.53751428658808,0.0,214.22919047764682,0.0036791999999999992,214.22919047764682,214.22919047764682,0,"{'load': 1, 'battery': 1}",0,0.018395999999999996,2,0,0,0,0,"{'solar': 1, 'wind': 0, 'generator': 0}",285.0,0.0657,7.524,0.6
883,-194.97439486485231,0.0,194.97439486485231,0.0,324.9573247747539,0.0,324.9573247747539,324.9573247747539,0,"{'load': 1, 'battery': 0}",0,0.0,2,0,0,0,0,"{'solar': 0, 'wind': 0, 'generator': 0}",285.0,13.514,19.008000000000003,0.6
884,-358.1464464032616,33.45771233333333,324.6887340699283,270.0,271.1478901165471,0.0,253.98299464009685,493.04085999999995,1,"{'load': 1, 'battery': 1}",1,223.04085999999998,0,0,0,0,0,"{'solar': 1, 'wind': 0, 'generator': 0}",285.0,796.5745,18.072,0.6
885,-167.23581357443337,0.0,167.23581357443337,0.0,278.72635595738893,0.0,278.72635595738893,278.72635595738893,0,"{'load': 1, 'battery': 1}",0,0.0,0,0,0,0,0,"{'solar': 0, 'wind': 0, 'generator': 0}",285.0,720.0365,5.436,0.6
886,-390.8693540644107,0.0,390.8693540644107,0.0,434.2992822937897,0.0,434.2992822937897,434.2992822937897,0,"{'load': 1, 'battery': 1}",0,0.0,0,0,0,0,0,"{'solar': 0, 'wind': 0, 'generator': 0}",285.0,3.5676,22.896,0.8999999999999999
887,-110.90586715639307,0.0,110.90586715639307,0.0,184.8431119273218,0.0,184.8431119273218,184.8431119273218,0,"{'load': 1, 'battery': 1}",0,0.0,2,0,0,0,0,"{'solar': 1, 'wind': 0, 'generator': 0}",285.0,0.0,18.18,0.6
888,-84.31854749982412,0.0024024939209876545,84.31614500590314,0.0,140.5269083431719,0.0,140.5269083431719,140.5269083431719,0,"{'load': 1, 'battery': 0}",0,0.016016000000000002,1,0,0,0,0,"{'solar': 1, 'wind': 0, 'generator': 0}",285.0,0.0572,22.788,0.6
889,-141.1246009276379,6.774600000000001,134.35000092763792,0.0,223.9166682127299,0.0,269.0806682127299,269.0806682127299,0,"{'load': 1, 'battery': 1}",0,45.16400000000001,0,0,0,0,0,"{'solar': 1, 'wind': 0, 'generator': 0}",285.0,161.3,23.759999999999998,0.6
890,-53.687687650534315,32.5714494,21.116238250534312,0.0,35.19373041755719,0.0,252.3367264175572,252.3367264175572,0,"{'load': 1, 'battery': 1}",0,217.142996,0,0,0,0,0,"{'solar': 1, 'wind': 0, 'generator': 0}",285.0,775.5107,16.308,0.6
891,-197.14706005295636,0.0,197.14706005295636,0.0,328.57843342159396,0.0,328.57843342159396,328.57843342159396,0,"{'load': 1, 'battery': 1}",0,0.0,1,0,0,0,0,"{'solar': 0, 'wind': 0, 'generator': 0}",285.0,728.0843,9.0,0.6
892,-808.434006857314,0.7067297999999999,807.727277057314,0.0,425.1196195038495,0.0,429.83115150384947,429.83115150384947,0,"{'load': 1, 'battery': 1}",0,4.711531999999999,0,0,0,0,0,"{'solar': 1, 'wind': 0, 'generator': 0}",285.0,16.8269,6.3,1.9
893,-120.95978042351109,0.0,120.95978042351109,0.0,201.59963403918516,0.0,201.59963403918516,201.59963403918516,0,"{'load': 1, 'battery': 1}",0,0.0,1,0,0,0,0,"{'solar': 0, 'wind': 0, 'generator': 0}",285.0,0.0,1.8,0.6
894,-87.35918234267157,0.0,87.35918234267157,0.0,145.59863723778597,0.0,145.59863723778597,145.59863723778597,0,"{'load': 1, 'battery': 1}",0,0.0,2,0,0,0,0,"{'solar': 0, 'wind': 0, 'generator': 0}",285.0,0.1816,2.2680000000000002,0.6
895,-177.54008781892745,11.640986082487656,165.8991017364398,0.0,276.49850289406635,0.0,276.49850289406635,276.49850289406635,0,"{'load': 1, 'battery': 1}",0,77.60354000000001,1,0,0,0,0,"{'solar': 1, 'wind': 0, 'generator': 0}",285.0,277.1555,0.0,0.6
896,-517.3840807928148,38.7996462,530.3172961928148,0.0,279.11436641727096,51.73286160000001,279.11436641727096,279.11436641727096,0,"{'load': 1, 'battery': 1}",0,258.664308,2,0,0,0,0,"{'solar': 1, 'wind': 0, 'generator': 0}",285.0,923.8011,26.28,1.9
897,-1538.3504468989852,31.1157966,1207.2346502989851,0.0,344.92418579971,0.0,393.4487729079574,207.438644,0,"{'load': 0, 'battery': 0}",0,207.438644,0,0,0,0,0,"{'solar': 1, 'wind': 0, 'generator': 0}",285.0,740.8523,27.612000000000002,3.5
898,-800.9154235929781,1.0596474,801.268639392978,0.0,421.72033652262,1.4128632000000003,421.72033652262,421.72033652262,0,"{'load': 1, 'battery': 1}",0,7.064316000000001,2,0,0,0,0,"{'solar': 1, 'wind': 0, 'generator': 0}",285.0,25.2297,6.912,1.9
899,-302.6145574241219,0.0,302.6145574241219,270.0,234.35759570686994,0.0,234.35759570686994,234.35759570686994,0,"{'load': 1, 'battery': 0}",0,0.0,1,0,0,0,0,"{'solar': 1, 'wind': 0, 'generator': 0}",285.0,0.0,10.368,0.6
900,-92.24466499144502,0.0,92.24466499144502,0.0,153.74110831907504,0.0,153.74110831907504,153.74110831907504,0,"{'load': 1, 'battery': 1}",0,0.0,2,0,0,0,0,"{'solar': 1, 'wind': 0, 'generator': 0}",285.0,0.0,5.184,0.6
901,-313.4049789936073,2.196360691075309,311.208618302532,265.729636,252.9513945042199,0.0,267.5834105042199,267.5834105042199,0,"{'load': 1, 'battery': 1}",0,14.632016000000002,0,0,0,0,0,"{'solar': 1, 'wind': 0, 'generator': 0}",285.0,52.2572,7.776000000000001,0.6
902,-650.0085819417627,39.63627330566296,610.3723086360998,0.0,321.24858349268413,0.0,321.24858349268413,321.24858349268413,0,"{'load': 1, 'battery': 1}",0,264.231492,1,0,0,0,0,"{'solar': 1, 'wind': 0, 'generator': 0}",285.0,943.6839,26.64,1.9
903,-910.8940028160188,32.914677600000005,877.9793252160188,0.0,250.85123577600535,0.0,470.2824197760054,470.2824197760054,0,"{'load': 1, 'battery': 0}",0,219.43118400000003,0,0,0,0,0,"{'solar': 1, 'wind': 0, 'generator': 0}",285.0,783.6828,8.352,3.5
904,-995.306670186382,1.6982481898234565,993.6084219965586,0.0,522.9518010508203,0.0,522.9518010508203,522.9518010508203,0,"{'load': 1, 'battery': 1}",0,11.321212,1,0,0,0,0,"{'solar': 1, 'wind': 0, 'generator': 0}",285.0,40.4329,7.668,1.9
905,-376.71294850199985,0.0015833333333333333,376.71136516866653,270.0,357.85227528111096,0.0,253.33683027166322,270.0,1,"{'load': 1, 'battery': 1}",1,0.0,2,0,0,0,0,"{'solar': 0, 'wind': 0, 'generator': 0}",285.0,0.1298,7.596,0.6
906,-98.87585610283487,0.0,98.87585610283487,0.0,164.7930935047248,0.0,164.7930935047248,164.7930935047248,0,"{'load': 1, 'battery': 1}",0,0.0,1,0,0,0,0,"{'solar': 0, 'wind': 0, 'generator': 0}",285.0,0.0857,0.36000000000000004,0.6
907,-174.92162878659346,0.0,174.92162878659346,0.0,291.53604797765576,0.0,291.53604797765576,291.53604797765576,0,"{'load': 1, 'battery': 0}",0,0.0,0,0,0,0,0,"{'solar': 0, 'wind': 0, 'generator': 0}",285.0,68.6102,1.296,0.6
908,-268.20609221284667,38.456119799999996,229.7499724128467,0.0,120.92103811202458,0.0,377.29517011202455,377.29517011202455,0,"{'load': 1, 'battery': 0}",0,256.374132,0,0,0,0,0,"{'solar': 1, 'wind': 0, 'generator': 0}",285.0,915.6219,10.476,1.9
909,-1916.6882854811968,33.92340317173456,1882.764882309462,0.0,537.9328235169892,0.0,537.9328235169892,537.9328235169892,0,"{'load': 1, 'battery': 1}",0,226.14718,1,0,0,0,0,"{'solar': 1, 'wind': 0, 'generator': 0}",285.0,807.6685,5.688000000000001,3.5
910,-1137.149844479527,3.0138908224012346,1134.1359536571258,0.0,596.9136598195399,0.0,596.9136598195399,596.9136598195399,0,"{'load': 1, 'battery': 1}",0,20.091820000000002,1,0,0,0,0,"{'solar': 1, 'wind': 0, 'generator': 0}",285.0,71.7565,12.564000000000002,1.9
911,-170.2163434725892,0.0024569333333333333,170.21388653925587,270.0,13.689810898759788,0.0,283.6956348987598,283.6956348987598,1,"{'load': 1, 'battery': 1}",1,0.005824,0,0,0,0,0,"{'solar': 1, 'wind': 0, 'generator': 0}",285.0,0.0208,19.872,0.6
912,-106.36899755030201,0.0025619999999999996,106.36985155030202,0.0,177.28308591717004,0.0034159999999999998,177.28308591717004,177.28308591717004,0,"{'load': 1, 'battery': 1}",0,0.017079999999999998,2,0,0,0,0,"{'solar': 1, 'wind': 0, 'generator': 0}",285.0,0.061,25.128000000000004,0.6
913,-174.88076779628233,0.0,174.88076779628233,0.0,291.4679463271372,0.0,291.4679463271372,291.4679463271372,0,"{'load': 1, 'battery': 1}",0,0.0,1,0,0,0,0,"{'solar': 0, 'wind': 0, 'generator': 0}",285.0,59.5652,1.296,0.6
914,-719.1840860827865,0.0,719.1840860827865,0.0,378.51794004357185,0.0,378.51794004357185,378.51794004357185,0,"{'load': 1, 'battery': 1}",0,0.0,2,0,0,0,0,"{'solar': 0, 'wind': 0, 'generator': 0}",285.0,441.3814,4.86,1.9
915,-1944.2394626771536,0.0015833333333333333,1944.2378793438202,270.0,285.4965369553772,0.0,555.4965369553772,555.4965369553772,1,"{'load': 1, 'battery': 1}",1,0.0,0,0,0,0,0,"{'solar': 0, 'wind': 0, 'generator': 0}",285.0,750.7223,20.16,3.5
916,-1132.7947210116913,0.0,1132.7947210116913,0.0,596.2077479008902,0.0,596.2077479008902,596.2077479008902,0,"{'load': 1, 'battery': 1}",0,0.0,2,0,0,0,0,"{'solar': 0, 'wind': 0, 'generator': 0}",285.0,22.973,2.4120000000000004,1.9
917,-147.27095289145475,0.0022722888308641977,147.2686806026239,0.0,245.4478010043732,0.0,245.4478010043732,245.4478010043732,0,"{'load': 1, 'battery': 1}",0,0.015148000000000003,1,0,0,0,0,"{'solar': 1, 'wind': 0, 'generator': 0}",285.0,0.0541,29.340000000000003,0.6
918,-97.34011846996619,0.0016548646938271605,97.33846360527235,0.0,162.23077267545392,0.0,162.23077267545392,162.23077267545392,0,"{'load': 1, 'battery': 1}",0,0.011032,1,0,0,0,0,"{'solar': 1, 'wind': 0, 'generator': 0}",285.0,0.0394,6.8759999999999994,0.6
919,-168.47389421224364,2.8263815999999995,165.64751261224364,0.0,276.07918768707276,0.0,294.92173168707274,294.92173168707274,0,"{'load': 1, 'battery': 1}",0,18.842543999999997,0,0,0,0,0,"{'solar': 1, 'wind': 0, 'generator': 0}",285.0,67.2948,10.08,0.6
920,-799.9126319532389,35.481945500019755,764.4306864532192,0.0,402.33194023853645,0.0,402.33194023853645,402.33194023853645,0,"{'load': 1, 'battery': 1}",0,236.537056,1,0,0,0,0,"{'solar': 1, 'wind': 0, 'generator': 0}",285.0,844.7752,24.984,1.9
921,-1191.5695742407402,28.3002048,1163.26936944074,0.0,332.3626769830686,0.0,521.0307089830686,521.0307089830686,0,"{'load': 1, 'battery': 1}",0,188.668032,0,0,0,0,0,"{'solar': 1, 'wind': 0, 'generator': 0}",285.0,673.8144,5.472,3.5
922,-1217.2351297493656,0.0,1217.2351297493656,0.0,640.6500682891398,0.0,640.6500682891398,640.6500682891398,0,"{'load': 1, 'battery': 0}",0,0.0,0,0,0,0,0,"{'solar': 0, 'wind': 0, 'generator': 0}",285.0,1.9964,4.572,1.9
923,-371.89518144155386,0.0015833333333333333,371.89359810822054,270.0,349.822663513701,0.0,251.01036150859593,270.0,1,"{'load': 1, 'battery': 1}",1,0.0,0,0,0,0,0,"{'solar': 0, 'wind': 0, 'generator': 0}",285.0,0.0371,4.824000000000001,0.6
924,-98.35880390461983,0.0012305999999999999,98.35757330461983,0.0,163.92928884103307,0.0,163.93749284103308,163.93749284103308,0,"{'load': 1, 'battery': 1}",0,0.008204,0,0,0,0,0,"{'solar': 1, 'wind': 0, 'generator': 0}",285.0,0.0293,15.3,0.6
925,-184.23588300373135,0.0,184.23588300373135,0.0,307.05980500621894,0.0,307.05980500621894,307.05980500621894,0,"{'load': 1, 'battery': 0}",0,0.0,0,0,0,0,0,"{'solar': 0, 'wind': 0, 'generator': 0}",285.0,52.1639,1.836,0.6
926,-622.583707942092,33.1335354,633.628219742092,0.0,333.48853670636424,44.17804720000001,333.48853670636424,333.48853670636424,0,"{'load': 1, 'battery': 1}",0,220.89023600000002,2,0,0,0,0,"{'solar': 1, 'wind': 0, 'generator': 0}",285.0,788.8937,2.9160000000000004,1.9
927,-1520.986013130219,24.060922133333335,1529.0042093968855,270.0,166.8583455419673,32.079118400000006,436.8583455419673,436.8583455419673,1,"{'load': 1, 'battery': 1}",1,160.39559200000002,2,0,0,0,0,"{'solar': 1, 'wind': 0, 'generator': 0}",285.0,572.8414,7.992000000000001,3.5
928,-497.12106226796686,0.0007476,497.12031466796685,0.0,552.3559051866299,0.0,552.36088918663,552.36088918663,0,"{'load': 1, 'battery': 1}",0,0.004984,0,0,0,0,0,"{'solar': 1, 'wind': 0, 'generator': 0}",285.0,0.0178,21.240000000000002,0.8999999999999999
929,-132.42043902980103,0.0,132.42043902980103,0.0,220.70073171633504,0.0,220.70073171633504,220.70073171633504,0,"{'load': 1, 'battery': 1}",0,0.0,0,0,0,0,0,"{'solar': 0, 'wind': 0, 'generator': 0}",285.0,0.0672,12.6,0.6
930,-87.474315569638,0.0017850697839506176,87.47253049985405,0.0,145.78755083309008,0.0,145.78755083309008,145.78755083309008,0,"{'load': 1, 'battery': 1}",0,0.011900000000000003,1,0,0,0,0,"{'solar': 1, 'wind': 0, 'generator': 0}",285.0,0.0425,2.088,0.6
931,-176.50527115668098,0.0015833333333333333,176.50368782334763,270.0,24.17281303891275,0.0,294.17281303891275,294.17281303891275,1,"{'load': 1, 'battery': 1}",1,0.0,2,0,0,0,0,"{'solar': 0, 'wind': 0, 'generator': 0}",285.0,14.5745,11.268,0.6
932,-176.34954159247934,0.0,176.34954159247934,0.0,293.91590265413225,0.0,293.91590265413225,293.91590265413225,0,"{'load': 1, 'battery': 1}",0,0.0,1,0,0,0,0,"{'solar': 0, 'wind': 0, 'generator': 0}",285.0,665.8704,13.212,0.6
933,-209.60771559901323,18.5170356,215.78006079901323,0.0,359.63343466502204,24.689380800000002,359.63343466502204,359.63343466502204,0,"{'load': 1, 'battery': 1}",0,123.446904,2,0,0,0,0,"{'solar': 1, 'wind': 0, 'generator': 0}",285.0,440.8818,15.156,0.6
934,-445.23991830948296,0.0,445.23991830948296,0.0,494.71102034387,0.0,494.71102034387,494.71102034387,0,"{'load': 1, 'battery': 1}",0,0.0,0,0,0,0,0,"{'solar': 0, 'wind': 0, 'generator': 0}",285.0,0.0232,3.204,0.8999999999999999
935,-371.2495200062159,0.0025956,371.2469244062159,270.0,348.7448740103598,0.0,184.91138130481917,270.017304,1,"{'load': 1, 'battery': 0}",1,0.017304,0,0,0,0,0,"{'solar': 1, 'wind': 0, 'generator': 0}",15.0,0.0618,15.947999999999999,0.6
936,-81.55733940261366,0.0,81.55733940261366,0.0,135.9288990043561,0.0,135.9288990043561,135.9288990043561,0,"{'load': 1, 'battery': 0}",0,0.0,0,0,0,0,0,"{'solar': 0, 'wind': 0, 'generator': 0}",285.0,0.177,9.18,0.6
937,-183.04832090657658,0.32401739999999996,183.15632670657658,0.0,305.260544510961,0.4320232,305.260544510961,305.260544510961,0,"{'load': 1, 'battery': 1}",0,2.160116,2,0,0,0,0,"{'solar': 1, 'wind': 0, 'generator': 0}",285.0,7.7147,8.208,0.6
938,-156.77352536747625,0.0,156.77352536747625,0.0,261.28920894579375,0.0,261.28920894579375,261.28920894579375,0,"{'load': 1, 'battery': 1}",0,0.0,0,0,0,0,0,"{'solar': 0, 'wind': 0, 'generator': 0}",285.0,350.436,29.556000000000004,0.6
939,-172.9821360162512,13.680938630601236,159.30119738564994,0.0,265.50199564274993,0.0,265.50199564274993,265.50199564274993,0,"{'load': 1, 'battery': 1}",0,91.20269200000001,1,0,0,0,0,"{'solar': 1, 'wind': 0, 'generator': 0}",285.0,325.7239,6.3,0.6
940,-430.5086558073626,0.0015833333333333333,430.50707247402926,270.0,208.3411916378103,0.0,478.3411916378103,478.3411916378103,1,"{'load': 1, 'battery': 1}",1,0.0,2,0,0,0,0,"{'solar': 0, 'wind': 0, 'generator': 0}",285.0,0.0402,20.196,0.8999999999999999
941,-156.03421216612023,0.0,156.03421216612023,0.0,260.05702027686704,0.0,260.05702027686704,260.05702027686704,0,"{'load': 1, 'battery': 1}",0,0.0,2,0,0,0,0,"{'solar': 0, 'wind': 0, 'generator': 0}",285.0,0.1012,42.804,0.6
942,-81.7879233559223,0.0024024000000000003,81.78552095592231,0.0,136.30920159320385,0.0,136.32521759320386,136.32521759320386,0,"{'load': 1, 'battery': 1}",0,0.016016000000000002,0,0,0,0,0,"{'solar': 1, 'wind': 0, 'generator': 0}",285.0,0.0572,25.452,0.6
943,-181.16534065331456,0.0,181.16534065331456,0.0,301.94223442219095,0.0,301.94223442219095,301.94223442219095,0,"{'load': 1, 'battery': 1}",0,0.0,2,0,0,0,0,"{'solar': 0, 'wind': 0, 'generator': 0}",285.0,50.206,11.376000000000001,0.6
944,-193.28287332538525,21.502051782330867,171.7808215430544,0.0,286.301369238424,0.0,286.301369238424,286.301369238424,0,"{'load': 1, 'battery': 1}",0,143.34140800000003,1,0,0,0,0,"{'solar': 1, 'wind': 0, 'generator': 0}",285.0,511.9336,8.568,0.6
945,-180.66894371116047,0.0,180.66894371116047,0.0,301.11490618526744,0.0,301.11490618526744,301.11490618526744,0,"{'load': 1, 'battery': 1}",0,0.0,1,0,0,0,0,"{'solar': 0, 'wind': 0, 'generator': 0}",285.0,347.3384,7.920000000000001,0.6
946,-478.91105264144915,0.0017220000000000002,478.9116266414492,0.0,532.1240296016102,0.0022960000000000007,532.1240296016102,532.1240296016102,0,"{'load': 1, 'battery': 1}",0,0.011480000000000002,2,0,0,0,0,"{'solar': 1, 'wind': 0, 'generator': 0}",285.0,0.041,25.272,0.8999999999999999
947,-192.53850414691942,0.003343330701234568,192.5351608162182,0.0,320.891934693697,0.0,320.891934693697,320.891934693697,0,"{'load': 1, 'battery': 0}",0,0.022288000000000002,1,0,0,0,0,"{'solar': 1, 'wind': 0, 'generator': 0}",285.0,0.0796,5.796,0.6
948,-160.52261318795158,0.0,160.52261318795158,0.0,267.537688646586,0.0,267.537688646586,267.537688646586,0,"{'load': 1, 'battery': 1}",0,0.0,1,0,0,0,0,"{'solar': 0, 'wind': 0, 'generator': 0}",285.0,0.0874,16.128000000000004,0.6
949,-285.88970145102707,0.0,285.88970145102707,0.0,476.4828357517118,0.0,476.4828357517118,476.4828357517118,0,"{'load': 1, 'battery': 1}",0,0.0,1,0,0,0,0,"{'solar': 0, 'wind': 0, 'generator': 0}",285.0,0.8405,8.568,0.6
950,-155.99957927574616,14.040125400000003,141.95945387574616,0.0,236.59908979291026,0.0,330.1999257929103,330.1999257929103,0,"{'load': 1, 'battery': 1}",0,93.60083600000002,0,0,0,0,0,"{'solar': 1, 'wind': 0, 'generator': 0}",285.0,334.2887,15.264000000000001,0.6
951,-191.48042844908412,16.1102928,196.85052604908412,0.0,328.0842100818069,21.480390400000005,328.0842100818069,328.0842100818069,0,"{'load': 1, 'battery': 1}",0,107.40195200000001,2,0,0,0,0,"{'solar': 1, 'wind': 0, 'generator': 0}",285.0,383.5784,14.832,0.6
952,-492.30010437662713,0.0,492.30010437662713,0.0,547.0001159740302,0.0,547.0001159740302,547.0001159740302,0,"{'load': 1, 'battery': 1}",0,0.0,1,0,0,0,0,"{'solar': 0, 'wind': 0, 'generator': 0}",285.0,0.0525,24.12,0.8999999999999999
953,-193.81617076664392,0.0,193.81617076664392,0.0,323.0269512777399,0.0,323.0269512777399,323.0269512777399,0,"{'load': 1, 'battery': 1}",0,0.0,1,0,0,0,0,"{'solar': 0, 'wind': 0, 'generator': 0}",285.0,0.0981,49.608,0.6
954,-174.10329530173496,0.0015833333333333333,174.10171196840162,270.0,20.169519947336028,0.0,290.169519947336,290.169519947336,1,"{'load': 1, 'battery': 1}",1,0.0,1,0,0,0,0,"{'solar': 0, 'wind': 0, 'generator': 0}",285.0,0.024,4.392,0.6
955,-283.92946585085974,0.0,283.92946585085974,0.0,473.21577641809955,0.0,473.21577641809955,473.21577641809955,0,"{'load': 1, 'battery': 0}",0,0.0,1,0,0,0,0,"{'solar': 0, 'wind': 0, 'generator': 0}",285.0,1.0412,19.152,0.6
956,-142.30019577534847,23.591988,118.70820777534846,0.0,197.8470129589141,0.0,355.1269329589141,355.1269329589141,0,"{'load': 1, 'battery': 1}",0,157.27992,0,0,0,0,0,"{'solar': 1, 'wind': 0, 'generator': 0}",285.0,561.714,25.236,0.6
957,-138.7260644087869,20.593444199999997,118.1326202087869,0.0,196.88770034797818,0.0,334.1773283479782,334.1773283479782,0,"{'load': 1, 'battery': 1}",0,137.289628,0,0,0,0,0,"{'solar': 1, 'wind': 0, 'generator': 0}",285.0,490.3201,26.676000000000002,0.6
958,-508.9193726880686,0.0,508.9193726880686,0.0,565.4659696534096,0.0,565.4659696534096,565.4659696534096,0,"{'load': 1, 'battery': 0}",0,0.0,1,0,0,0,0,"{'solar': 0, 'wind': 0, 'generator': 0}",285.0,0.0031,22.14,0.8999999999999999
959,-183.7359990225878,0.0,183.7359990225878,0.0,306.22666503764634,0.0,306.22666503764634,306.22666503764634,0,"{'load': 1, 'battery': 1}",0,0.0,0,0,0,0,0,"{'solar': 0, 'wind': 0, 'generator': 0}",285.0,0.027,6.48,0.6
960,-140.46963835288372,0.002692200000000001,140.4669461528837,0.0,234.11157692147287,0.0,234.12952492147286,234.12952492147286,0,"{'load': 1, 'battery': 1}",0,0.017948000000000006,0,0,0,0,0,"{'solar': 1, 'wind': 0, 'generator': 0}",285.0,0.0641,8.64,0.6
961,-533.5205503004723,0.0015833333333333333,233.51896696713908,270.0,119.19827827856517,0.0,430.9505930572929,270.0,1,"{'load': 0, 'battery': 1}",1,0.0,0,0,0,0,0,"{'solar': 0, 'wind': 0, 'generator': 0}",285.0,6.1716,25.56,0.6
962,-74.93638839221288,28.2480702,46.68831819221288,0.0,77.81386365368814,0.0,266.13433165368815,266.13433165368815,0,"{'load': 1, 'battery': 1}",0,188.320468,0,0,0,0,0,"{'solar': 1, 'wind': 0, 'generator': 0}",285.0,672.5731,21.996000000000002,0.6
963,-109.7434112759555,21.182338800000007,88.56107247595548,0.0,147.60178745992582,0.0,288.81737945992586,288.81737945992586,0,"{'load': 1, 'battery': 1}",0,141.21559200000004,0,0,0,0,0,"{'solar': 1, 'wind': 0, 'generator': 0}",285.0,504.3414,5.976,0.6
964,-424.2480158022435,0.010387006060493826,424.237628796183,0.0,471.37514310687004,0.0,471.37514310687004,471.37514310687004,0,"{'load': 1, 'battery': 1}",0,0.069244,1,0,0,0,0,"{'solar': 1, 'wind': 0, 'generator': 0}",285.0,0.2473,31.895999999999997,0.8999999999999999
965,-172.82390238717235,3.3600000000000004e-05,172.82386878717236,0.0,288.03978131195396,0.0,288.04000531195396,288.04000531195396,0,"{'load': 1, 'battery': 1}",0,0.00022400000000000002,0,0,0,0,0,"{'solar': 1, 'wind': 0, 'generator': 0}",285.0,0.0008,15.48,0.6
966,-153.8471509035295,0.0009072354666666668,153.84624366806284,0.0,256.41040611343806,0.0,256.41040611343806,256.41040611343806,0,"{'load': 1, 'battery': 1}",0,0.006048000000000001,1,0,0,0,0,"{'solar': 1, 'wind': 0, 'generator': 0}",285.0,0.0216,5.796,0.6
967,-183.1368440877852,0.0,183.1368440877852,0.0,305.228073479642,0.0,305.228073479642,305.228073479642,0,"{'load': 1, 'battery': 1}",0,0.0,2,0,0,0,0,"{'solar': 0, 'wind': 0, 'generator': 0}",285.0,18.1429,3.708,0.6
968,-161.7603800829563,0.0,161.7603800829563,0.0,269.6006334715938,0.0,269.6006334715938,269.6006334715938,0,"{'load': 1, 'battery': 1}",0,0.0,0,0,0,0,0,"{'solar': 0, 'wind': 0, 'generator': 0}",285.0,766.9959,23.759999999999998,0.6
969,-59.94940646564149,26.9777802,32.97162626564149,0.0,54.95271044273582,0.0,234.80457844273585,234.80457844273585,0,"{'load': 1, 'battery': 1}",0,179.85186800000002,0,0,0,0,0,"{'solar': 1, 'wind': 0, 'generator': 0}",285.0,642.3281,19.296000000000003,0.6
970,-432.3720359294904,0.0015833333333333333,432.37045259615707,270.0,210.41161399573014,0.0,480.41161399573014,480.41161399573014,1,"{'load': 1, 'battery': 1}",1,0.0,0,0,0,0,0,"{'solar': 0, 'wind': 0, 'generator': 0}",285.0,1.3541,9.360000000000001,0.8999999999999999
971,-157.6865670191945,0.0,157.6865670191945,0.0,262.81094503199085,0.0,262.81094503199085,262.81094503199085,0,"{'load': 1, 'battery': 1}",0,0.0,1,0,0,0,0,"{'solar': 1, 'wind': 0, 'generator': 0}",285.0,0.0,10.08,0.6
972,-83.4423418779708,0.0,83.4423418779708,0.0,139.070569796618,0.0,139.070569796618,139.070569796618,0,"{'load': 1, 'battery': 1}",0,0.0,0,0,0,0,0,"{'solar': 1, 'wind': 0, 'generator': 0}",285.0,0.0,25.236,0.6
973,-169.57861050614343,0.0,169.57861050614343,0.0,282.6310175102391,0.0,282.6310175102391,282.6310175102391,0,"{'load': 1, 'battery': 1}",0,0.0,2,0,0,0,0,"{'solar': 0, 'wind': 0, 'generator': 0}",285.0,94.5116,22.176000000000002,0.6
974,-140.07897681095446,0.0,140.07897681095446,0.0,233.46496135159077,0.0,233.46496135159077,233.46496135159077,0,"{'load': 1, 'battery': 1}",0,0.0,1,0,0,0,0,"{'solar': 0, 'wind': 0, 'generator': 0}",285.0,802.6295,2.9160000000000004,0.6
975,-102.16953831475635,25.771514906557897,76.39802340819845,106.7907524,20.539286613664103,0.0,290.5392866136641,290.5392866136641,1,"{'load': 1, 'battery': 1}",1,171.799208,1,0,0,0,0,"{'solar': 1, 'wind': 0, 'generator': 0}",285.0,613.5686,10.296,0.6
976,-409.3436381576182,0.22650645484444445,409.11713170277375,0.0,454.57459078085975,0.0,454.57459078085975,454.57459078085975,0,"{'load': 1, 'battery': 1}",0,1.5099840000000002,1,0,0,0,0,"{'solar': 1, 'wind': 0, 'generator': 0}",285.0,5.3928,26.676000000000002,0.8999999999999999
977,-116.40065213503162,0.0001932,116.40071653503162,0.0,194.0011942250527,0.00025760000000000003,194.0011942250527,194.0011942250527,0,"{'load': 1, 'battery': 1}",0,0.001288,2,0,0,0,0,"{'solar': 1, 'wind': 0, 'generator': 0}",285.0,0.0046,17.424,0.6
978,-84.64048417771674,0.0021755999999999998,84.63830857771674,0.0,141.0638476295279,0.0,141.0783516295279,141.0783516295279,0,"{'load': 1, 'battery': 1}",0,0.014504,0,0,0,0,0,"{'solar': 1, 'wind': 0, 'generator': 0}",285.0,0.0518,16.344,0.6
979,-151.68614155198952,10.121181,155.05986855198952,0.0,258.43311425331586,13.494908000000002,258.43311425331586,258.43311425331586,0,"{'load': 1, 'battery': 1}",0,67.47454,2,0,0,0,0,"{'solar': 1, 'wind': 0, 'generator': 0}",285.0,240.9805,3.3120000000000003,0.6
980,-65.79291298947591,37.8192906,27.973622389475906,0.0,14.722959152355742,0.0,266.85156315235577,266.85156315235577,0,"{'load': 1, 'battery': 1}",0,252.12860400000002,0,0,0,0,0,"{'solar': 1, 'wind': 0, 'generator': 0}",285.0,900.4593,19.188000000000002,1.9
981,-559.0025107316847,33.44635139999999,525.5561593316846,0.0,150.15890266619562,0.0,373.1345786661956,373.1345786661956,0,"{'load': 1, 'battery': 1}",0,222.97567599999996,0,0,0,0,0,"{'solar': 1, 'wind': 0, 'generator': 0}",285.0,796.3417,8.424,3.5
982,-914.9383179443015,0.0,914.9383179443015,0.0,481.5464831285798,0.0,481.5464831285798,481.5464831285798,0,"{'load': 1, 'battery': 1}",0,0.0,0,0,0,0,0,"{'solar': 0, 'wind': 0, 'generator': 0}",285.0,25.3061,16.848,1.9
983,-131.39102367325873,0.0,131.39102367325873,0.0,218.98503945543123,0.0,218.98503945543123,218.98503945543123,0,"{'load': 1, 'battery': 1}",0,0.0,1,0,0,0,0,"{'solar': 0, 'wind': 0, 'generator': 0}",285.0,0.0641,4.464,0.6
984,-92.31366459199015,0.0,92.31366459199015,0.0,153.8561076533169,0.0,153.8561076533169,153.8561076533169,0,"{'load': 1, 'battery': 1}",0,0.0,0,0,0,0,0,"{'solar': 0, 'wind': 0, 'generator': 0}",285.0,0.0796,4.392,0.6
985,-163.0122244169279,0.0,163.0122244169279,0.0,271.68704069487984,0.0,271.68704069487984,271.68704069487984,0,"{'load': 1, 'battery': 1}",0,0.0,2,0,0,0,0,"{'solar': 0, 'wind': 0, 'generator': 0}",285.0,104.3477,3.8160000000000003,0.6
986,-589.9181213665021,0.0,589.9181213665021,0.0,310.4832217718432,0.0,310.4832217718432,310.4832217718432,0,"{'load': 1, 'battery': 1}",0,0.0,2,0,0,0,0,"{'solar': 0, 'wind': 0, 'generator': 0}",285.0,950.5725,6.3,1.9
987,-835.4409698633291,31.801967400000002,803.6390024633291,0.0,229.61114356095118,0.0,441.6242595609512,441.6242595609512,0,"{'load': 1, 'battery': 0}",0,212.01311600000002,0,0,0,0,0,"{'solar': 1, 'wind': 0, 'generator': 0}",285.0,757.1897,7.272,3.5
988,-925.5963585450052,2.6805828,922.9157757450051,0.0,485.74514512895007,0.0,503.61569712895005,503.61569712895005,0,"{'load': 1, 'battery': 1}",0,17.870552,0,0,0,0,0,"{'solar': 1, 'wind': 0, 'generator': 0}",285.0,63.8234,6.372,1.9
989,-144.50619776714902,0.0056153999999999996,144.50806956714902,0.0,240.84678261191505,0.007487199999999999,240.84678261191505,240.84678261191505,0,"{'load': 1, 'battery': 1}",0,0.037436,2,0,0,0,0,"{'solar': 1, 'wind': 0, 'generator': 0}",285.0,0.1337,11.124,0.6
990,-93.56286680575975,0.0,93.56286680575975,0.0,155.93811134293293,0.0,155.93811134293293,155.93811134293293,0,"{'load': 1, 'battery': 1}",0,0.0,2,0,0,0,0,"{'solar': 0, 'wind': 0, 'generator': 0}",285.0,0.0,24.984,0.6
991,-154.68756995084217,2.8996421999999997,151.7879277508422,0.0,252.979879584737,0.0,272.310827584737,272.310827584737,0,"{'load': 1, 'battery': 1}",0,19.330948,0,0,0,0,0,"{'solar': 1, 'wind': 0, 'generator': 0}",285.0,69.0391,5.04,0.6
992,-301.61934300904034,30.7455792,270.8737638090403,0.0,142.56513884686333,0.0,347.53566684686336,347.53566684686336,0,"{'load': 1, 'battery': 1}",0,204.97052800000003,0,0,0,0,0,"{'solar': 1, 'wind': 0, 'generator': 0}",285.0,732.0376,4.464,1.9
993,-1838.9994959420787,32.64518400215679,1806.354311939922,0.0,516.1012319828349,0.0,516.1012319828349,516.1012319828349,0,"{'load': 1, 'battery': 1}",0,217.62605200000002,1,0,0,0,0,"{'solar': 1, 'wind': 0, 'generator': 0}",285.0,777.2359,13.716000000000001,3.5
994,-1052.1049837605092,2.4235175333333334,1049.6814662271759,270.0,282.4639295932504,0.0,568.6101575932504,568.6101575932504,1,"{'load': 1, 'battery': 1}",1,16.146228,0,0,0,0,0,"{'solar': 1, 'wind': 0, 'generator': 0}",285.0,57.6651,6.12,1.9
995,-168.66575938532765,0.0,168.66575938532765,0.0,281.1095989755461,0.0,281.1095989755461,281.1095989755461,0,"{'load': 1, 'battery': 1}",0,0.0,1,0,0,0,0,"{'solar': 0, 'wind': 0, 'generator': 0}",285.0,0.0332,5.508,0.6
996,-108.84464811603188,0.0025284000000000005,108.84211971603187,0.0,181.40353286005313,0.0,181.42038886005312,181.42038886005312,0,"{'load': 1, 'battery': 1}",0,0.016856000000000003,0,0,0,0,0,"{'solar': 1, 'wind': 0, 'generator': 0}",285.0,0.0602,11.735999999999999,0.6
997,-149.2747407623514,9.892902599999998,139.38183816235141,0.0,232.30306360391904,0.0,298.255747603919,298.255747603919,0,"{'load': 1, 'battery': 1}",0,65.95268399999999,0,0,0,0,0,"{'solar': 1, 'wind': 0, 'generator': 0}",285.0,235.5453,2.16,0.6
998,-759.0661216517539,0.0,759.0661216517539,0.0,399.50848507987047,0.0,399.50848507987047,399.50848507987047,0,"{'load': 1, 'battery': 1}",0,0.0,2,0,0,0,0,"{'solar': 0, 'wind': 0, 'generator': 0}",285.0,420.6074,7.416,1.9
999,-1874.7741547779883,0.0,1874.7741547779883,0.0,535.6497585079967,0.0,535.6497585079967,535.6497585079967,0,"{'load': 1, 'battery': 0}",0,0.0,0,0,0,0,0,"{'solar': 0, 'wind': 0, 'generator': 0}",285.0,781.1652,16.128000000000004,3.5
1000,-1118.5855983284775,1.6123842331333331,1116.9732140953442,0.0,587.8806389975497,0.0,587.8806389975497,587.8806389975497,0,"{'load': 1, 'battery': 1}",0,10.748807999999999,1,0,0,0,0,"{'solar': 1, 'wind': 0, 'generator': 0}",285.0,38.3886,23.040000000000003,1.9
1001,-168.03684561532654,0.0037967999999999995,168.03811121532655,0.0,280.06351869221095,0.0050624,280.06351869221095,280.06351869221095,0,"{'load': 1, 'battery': 1}",0,0.025311999999999998,2,0,0,0,0,"{'solar': 1, 'wind': 0, 'generator': 0}",285.0,0.0904,17.64,0.6
1002,-107.92886363559664,0.0019782,107.92688543559665,0.0,179.8781423926611,0.0,179.8913303926611,179.8913303926611,0,"{'load': 1, 'battery': 1}",0,0.013188,0,0,0,0,0,"{'solar': 1, 'wind': 0, 'generator': 0}",285.0,0.0471,1.836,0.6
1003,-131.56596323199278,0.0,131.56596323199278,0.0,219.27660538665467,0.0,219.27660538665467,219.27660538665467,0,"{'load': 1, 'battery': 0}",0,0.0,2,0,0,0,0,"{'solar': 0, 'wind': 0, 'generator': 0}",285.0,110.1066,13.356,0.6
1004,-1095.2429796304095,35.705566442060494,1059.537413188349,270.0,287.65127009913107,0.0,287.65127009913107,287.65127009913107,0,"{'load': 1, 'battery': 0}",0,238.027804,1,0,0,0,0,"{'solar': 1, 'wind': 0, 'generator': 0}",285.0,850.0993,5.688000000000001,1.9
1005,-1168.016434099153,29.7255882,1138.290845899153,0.0,325.2259559711866,0.0,523.3965439711866,523.3965439711866,0,"{'load': 1, 'battery': 1}",0,198.170588,0,0,0,0,0,"{'solar': 1, 'wind': 0, 'generator': 0}",285.0,707.7521,26.136,3.5
1006,-1119.655732975283,0.3821544772466666,1119.2735784980364,267.5897208,321.5016363042297,0.0,591.5016363042297,591.5016363042297,1,"{'load': 1, 'battery': 1}",1,2.537136,1,0,0,0,0,"{'solar': 1, 'wind': 0, 'generator': 0}",285.0,9.0612,16.92,1.9
1007,-381.9281203241132,0.003561533333333333,381.9245587907799,270.0,366.5409313179665,0.0,264.58908189904787,270.013188,1,"{'load': 1, 'battery': 1}",1,0.013188,0,0,0,0,0,"{'solar': 1, 'wind': 0, 'generator': 0}",285.0,0.0471,10.692,0.6
1008,-104.779809555348,0.0,104.779809555348,0.0,174.63301592558,0.0,174.63301592558,174.63301592558,0,"{'load': 1, 'battery': 0}",0,0.0,1,0,0,0,0,"{'solar': 0, 'wind': 0, 'generator': 0}",285.0,0.027,12.816,0.6
1009,-164.3852214910324,5.7615137999999995,158.62370769103242,0.0,264.3728461517207,0.0,302.7829381517207,302.7829381517207,0,"{'load': 1, 'battery': 1}",0,38.410092,0,0,0,0,0,"{'solar': 1, 'wind': 0, 'generator': 0}",285.0,137.1789,1.836,0.6
1010,-686.0687235680078,0.0,686.0687235680078,0.0,361.0888018778989,0.0,361.0888018778989,361.0888018778989,0,"{'load': 1, 'battery': 1}",0,0.0,2,0,0,0,0,"{'solar': 0, 'wind': 0, 'generator': 0}",285.0,783.4714,7.704000000000001,1.9
1011,-1046.336588612418,25.7855892,1020.5509994124179,0.0,291.5859998321194,0.0,463.4899278321194,463.4899278321194,0,"{'load': 1, 'battery': 1}",0,171.903928,0,0,0,0,0,"{'solar': 1, 'wind': 0, 'generator': 0}",285.0,613.9426,5.688000000000001,3.5
1012,-1094.4286908439988,0.0,1094.4286908439988,0.0,576.0151004442099,0.0,576.0151004442099,576.0151004442099,0,"{'load': 1, 'battery': 1}",0,0.0,0,0,0,0,0,"{'solar': 0, 'wind': 0, 'generator': 0}",285.0,0.2224,10.836,1.9
1013,-131.55797474284873,0.001915274874074074,131.55605946797465,0.0,219.2600991132911,0.0,219.2600991132911,219.2600991132911,0,"{'load': 1, 'battery': 1}",0,0.012768,1,0,0,0,0,"{'solar': 1, 'wind': 0, 'generator': 0}",285.0,0.0456,4.032000000000001,0.6
1014,-86.52494929013649,0.003309729387654321,86.52163956074884,0.0,144.20273260124807,0.0,144.20273260124807,144.20273260124807,0,"{'load': 1, 'battery': 1}",0,0.022064,1,0,0,0,0,"{'solar': 1, 'wind': 0, 'generator': 0}",285.0,0.0788,18.791999999999998,0.6
1015,-191.08939460179985,0.0,191.08939460179985,0.0,318.4823243363331,0.0,318.4823243363331,318.4823243363331,0,"{'load': 1, 'battery': 1}",0,0.0,0,0,0,0,0,"{'solar': 0, 'wind': 0, 'generator': 0}",285.0,74.5816,6.8759999999999994,0.6
1016,-97.44491441306513,29.5979376,67.84697681306513,0.0,113.07829468844187,0.0,310.3978786884419,310.3978786884419,0,"{'load': 1, 'battery': 1}",0,197.31958400000002,0,0,0,0,0,"{'solar': 1, 'wind': 0, 'generator': 0}",285.0,704.7128,5.184,0.6
1017,-281.02119581173423,20.558361533333333,260.4628342784009,270.0,164.10472379733488,0.0,381.2729344060001,407.045188,1,"{'load': 1, 'battery': 1}",1,137.045188,0,0,0,0,0,"{'solar': 1, 'wind': 0, 'generator': 0}",285.0,489.4471,10.404,0.6
1018,-455.78001605252376,0.0,455.78001605252376,0.0,506.42224005835976,0.0,506.42224005835976,506.42224005835976,0,"{'load': 1, 'battery': 1}",0,0.0,0,0,0,0,0,"{'solar': 0, 'wind': 0, 'generator': 0}",285.0,0.0394,9.288,0.8999999999999999
1019,-115.86540366336185,0.0019487999999999997,115.86345486336185,0.0,193.1057581056031,0.0,193.11875010560308,193.11875010560308,0,"{'load': 1, 'battery': 1}",0,0.012991999999999998,0,0,0,0,0,"{'solar': 1, 'wind': 0, 'generator': 0}",285.0,0.0464,12.78,0.6
1020,-83.78203442076594,0.0029190000000000006,83.77911542076593,0.0,139.6318590346099,0.0,139.6513190346099,139.6513190346099,0,"{'load': 1, 'battery': 1}",0,0.019460000000000005,0,0,0,0,0,"{'solar': 1, 'wind': 0, 'generator': 0}",285.0,0.0695,13.428,0.6
1021,-175.26229999395667,1.4951370000000002,175.76067899395667,0.0,292.9344649899278,1.9935160000000005,292.9344649899278,292.9344649899278,0,"{'load': 1, 'battery': 1}",0,9.967580000000002,2,0,0,0,0,"{'solar': 1, 'wind': 0, 'generator': 0}",285.0,35.5985,12.78,0.6
1022,-188.3261376530874,26.91042681259506,161.41571084049232,0.0,269.0261847341539,0.0,269.0261847341539,269.0261847341539,0,"{'load': 1, 'battery': 1}",0,179.39583199999998,1,0,0,0,0,"{'solar': 1, 'wind': 0, 'generator': 0}",285.0,640.6994,5.652,0.6
1023,-168.0734734647726,0.0,168.0734734647726,0.0,280.122455774621,0.0,280.122455774621,280.122455774621,0,"{'load': 1, 'battery': 1}",0,0.0,0,0,0,0,0,"{'solar': 0, 'wind': 0, 'generator': 0}",285.0,419.999,56.268,0.6
1024,-452.09888938029604,0.0,452.09888938029604,0.0,502.3320993114401,0.0,502.3320993114401,502.3320993114401,0,"{'load': 1, 'battery': 1}",0,0.0,1,0,0,0,0,"{'solar': 0, 'wind': 0, 'generator': 0}",285.0,0.0324,20.52,0.8999999999999999
1025,-160.60012441754216,0.0037632000000000004,160.59636121754215,0.0,267.66060202923694,0.0,267.6856900292369,267.6856900292369,0,"{'load': 1, 'battery': 1}",0,0.025088000000000003,0,0,0,0,0,"{'solar': 1, 'wind': 0, 'generator': 0}",285.0,0.0896,16.308,0.6
1026,-269.37927376266066,0.006547743037407406,269.37272601962326,269.9685588,178.98598456603887,0.0,133.091057566822,270.0,1,"{'load': 1, 'battery': 1}",1,0.033095999999999993,1,0,0,0,0,"{'solar': 1, 'wind': 0, 'generator': 0}",285.0,0.1182,29.628000000000004,0.6
1027,-176.30140035989746,0.2586108,176.04278955989744,0.0,293.40464926649577,0.0,295.12872126649575,295.12872126649575,0,"{'load': 1, 'battery': 1}",0,1.724072,0,0,0,0,0,"{'solar': 1, 'wind': 0, 'generator': 0}",285.0,6.1574,26.82,0.6
1028,-80.36223175461708,22.8902058,57.47202595461709,0.0,95.78670992436182,0.0,248.3880819243618,248.3880819243618,0,"{'load': 1, 'battery': 1}",0,152.601372,0,0,0,0,0,"{'solar': 1, 'wind': 0, 'generator': 0}",285.0,545.0049,49.14,0.6
1029,-156.88494616858878,1.1445672,157.26646856858878,0.0,262.110780947648,1.5260896000000002,262.110780947648,262.110780947648,0,"{'load': 1, 'battery': 1}",0,7.630448,2,0,0,0,0,"{'solar': 1, 'wind': 0, 'generator': 0}",285.0,27.2516,9.0,0.6
1030,-804.5853311897938,0.0009072000000000002,504.58442398979383,0.0,560.6493599886599,0.0,524.0215889570193,0.006048000000000001,0,"{'load': 0, 'battery': 1}",0,0.006048000000000001,0,0,0,0,0,"{'solar': 1, 'wind': 0, 'generator': 0}",285.0,0.0216,15.192,0.8999999999999999
1031,-187.67702546672453,0.0,187.67702546672453,0.0,312.7950424445409,0.0,312.7950424445409,312.7950424445409,0,"{'load': 1, 'battery': 1}",0,0.0,2,0,0,0,0,"{'solar': 0, 'wind': 0, 'generator': 0}",285.0,0.0572,5.9399999999999995,0.6
1032,-139.47601854092287,0.0,139.47601854092287,0.0,232.46003090153812,0.0,232.46003090153812,232.46003090153812,0,"{'load': 1, 'battery': 1}",0,0.0,0,0,0,0,0,"{'solar': 0, 'wind': 0, 'generator': 0}",285.0,0.1291,6.984,0.6
1033,-267.5877292807236,1.2180503999999999,266.3696788807236,0.0,443.94946480120603,0.0,452.06980080120604,452.06980080120604,0,"{'load': 1, 'battery': 1}",0,8.120336,0,0,0,0,0,"{'solar': 1, 'wind': 0, 'generator': 0}",285.0,29.0012,7.164,0.6
1034,-336.119078371401,20.875507733333336,315.24357063806764,270.0,255.40595106344603,0.0,316.27782793144,409.159496,1,"{'load': 1, 'battery': 1}",1,139.15949600000002,0,0,0,0,0,"{'solar': 1, 'wind': 0, 'generator': 0}",285.0,496.9982,11.592,0.6
1035,-99.88841335322142,16.152108000000002,83.73630535322143,0.0,139.56050892203572,0.0,247.24122892203573,247.24122892203573,0,"{'load': 1, 'battery': 1}",0,107.68072000000001,0,0,0,0,0,"{'solar': 1, 'wind': 0, 'generator': 0}",285.0,384.574,7.056,0.6
1036,-498.91654027053295,0.0017514000000000004,498.91712407053296,0.0,554.35236007837,0.0023352000000000004,554.35236007837,554.35236007837,0,"{'load': 1, 'battery': 1}",0,0.011676000000000002,2,0,0,0,0,"{'solar': 1, 'wind': 0, 'generator': 0}",285.0,0.0417,27.864,0.8999999999999999
1037,-201.49215174998238,0.004153962391358026,201.487997787591,0.0,335.81332964598505,0.0,335.81332964598505,335.81332964598505,0,"{'load': 1, 'battery': 1}",0,0.027692000000000005,1,0,0,0,0,"{'solar': 1, 'wind': 0, 'generator': 0}",285.0,0.0989,25.452,0.6
1038,-161.79467580014403,0.0,161.79467580014403,0.0,269.6577930002401,0.0,269.6577930002401,269.6577930002401,0,"{'load': 1, 'battery': 1}",0,0.0,0,0,0,0,0,"{'solar': 0, 'wind': 0, 'generator': 0}",285.0,0.0371,17.64,0.6
1039,-301.94240815308,0.0367374,301.90567075308,0.0,503.1761179218001,0.0,503.4210339218001,503.4210339218001,0,"{'load': 1, 'battery': 1}",0,0.24491600000000005,0,0,0,0,0,"{'solar': 1, 'wind': 0, 'generator': 0}",285.0,0.8747,19.152,0.6
1040,-179.60408204766898,11.9616588,167.64242324766897,0.0,279.40403874611496,0.0,359.14843074611497,359.14843074611497,0,"{'load': 1, 'battery': 1}",0,79.744392,0,0,0,0,0,"{'solar': 1, 'wind': 0, 'generator': 0}",285.0,284.8014,18.720000000000002,0.6
1041,-136.46377855671346,11.813453399999998,124.65032515671348,0.0,207.7505419278558,0.0,286.5068979278558,286.5068979278558,0,"{'load': 1, 'battery': 1}",0,78.756356,0,0,0,0,0,"{'solar': 1, 'wind': 0, 'generator': 0}",285.0,281.2727,34.632,0.6
1042,-464.01128086435557,0.0008778343172839507,464.0104030300383,0.0,515.5671144778204,0.0,515.5671144778204,515.5671144778204,0,"{'load': 1, 'battery': 1}",0,0.005852,1,0,0,0,0,"{'solar': 1, 'wind': 0, 'generator': 0}",285.0,0.0209,27.828000000000003,0.8999999999999999
1043,-192.57238822536416,0.0,192.57238822536416,0.0,320.95398037560693,0.0,320.95398037560693,320.95398037560693,0,"{'load': 1, 'battery': 1}",0,0.0,0,0,0,0,0,"{'solar': 0, 'wind': 0, 'generator': 0}",285.0,0.0471,19.8,0.6
1044,-189.45733010226658,0.0,189.45733010226658,0.0,315.762216837111,0.0,315.762216837111,315.762216837111,0,"{'load': 1, 'battery': 1}",0,0.0,1,0,0,0,0,"{'solar': 0, 'wind': 0, 'generator': 0}",285.0,0.0549,19.008000000000003,0.6
1045,-259.4203675909461,0.09893486767283953,259.3214327232733,0.0,432.2023878721222,0.0,432.2023878721222,432.2023878721222,0,"{'load': 1, 'battery': 1}",0,0.6595400000000001,1,0,0,0,0,"{'solar': 1, 'wind': 0, 'generator': 0}",285.0,2.3555,29.376,0.6
1046,-222.81162749010002,17.936460992255554,204.87516649784448,0.0,341.4586108297408,0.0,341.4586108297408,341.4586108297408,0,"{'load': 1, 'battery': 1}",0,119.57173200000001,1,0,0,0,0,"{'solar': 1, 'wind': 0, 'generator': 0}",285.0,427.0419,4.032000000000001,0.6
1047,-154.1461984781779,2.2329258,151.9132726781779,0.0,253.18878779696314,0.0,268.0749597969631,268.0749597969631,0,"{'load': 1, 'battery': 1}",0,14.886172,0,0,0,0,0,"{'solar': 1, 'wind': 0, 'generator': 0}",285.0,53.1649,36.576,0.6
1048,-456.55633384023923,0.001848,456.55448584023924,0.0,507.2827620447103,0.0,507.2950820447103,507.2950820447103,0,"{'load': 1, 'battery': 1}",0,0.012320000000000001,0,0,0,0,0,"{'solar': 1, 'wind': 0, 'generator': 0}",285.0,0.044,19.908,0.8999999999999999
1049,-175.0990107243252,0.0015833333333333333,175.09742739099187,270.0,21.829045651653132,0.0,291.82904565165313,291.82904565165313,1,"{'load': 1, 'battery': 1}",1,0.0,0,0,0,0,0,"{'solar': 0, 'wind': 0, 'generator': 0}",285.0,0.0255,15.984000000000002,0.6
1050,-280.7112157904239,0.005674133333333334,280.7109960570906,270.0,197.85166009515098,0.005454400000000002,203.36507238731303,270.0,1,"{'load': 1, 'battery': 1}",1,0.027272000000000005,2,0,0,0,0,"{'solar': 1, 'wind': 0, 'generator': 0}",285.0,0.0974,10.476,0.6
1051,-207.09004803219838,0.0,207.09004803219838,0.0,345.150080053664,0.0,345.150080053664,345.150080053664,0,"{'load': 1, 'battery': 1}",0,0.0,1,0,0,0,0,"{'solar': 0, 'wind': 0, 'generator': 0}",285.0,8.1365,9.684,0.6
1052,-100.45674483464984,31.8546606,68.60208423464984,0.0,114.33680705774972,0.0,326.70121105774973,326.70121105774973,0,"{'load': 1, 'battery': 1}",0,212.364404,0,0,0,0,0,"{'solar': 1, 'wind': 0, 'generator': 0}",285.0,758.4443,6.228,0.6
1053,-60.39438000070186,27.108475800000004,33.28590420070185,0.0,55.47650700116975,0.0,236.19967900116978,236.19967900116978,0,"{'load': 1, 'battery': 1}",0,180.72317200000003,0,0,0,0,0,"{'solar': 1, 'wind': 0, 'generator': 0}",285.0,645.4399,5.076,0.6
1054,-415.6114283110281,0.042168,415.62548431102806,0.0,461.8060936789201,0.056223999999999996,461.8060936789201,461.8060936789201,0,"{'load': 1, 'battery': 1}",0,0.28112,2,0,0,0,0,"{'solar': 1, 'wind': 0, 'generator': 0}",285.0,1.004,5.256,0.8999999999999999
1055,-163.90745785123505,0.0007476,163.90671025123504,0.0,273.1778504187251,0.0,273.18283441872507,273.18283441872507,0,"{'load': 1, 'battery': 1}",0,0.004984,0,0,0,0,0,"{'solar': 1, 'wind': 0, 'generator': 0}",285.0,0.0178,10.512,0.6
1056,-103.50165224077313,0.0031164000000000005,103.49853584077313,0.0,172.4975597346219,0.0,172.5183357346219,172.5183357346219,0,"{'load': 1, 'battery': 1}",0,0.020776000000000003,0,0,0,0,0,"{'solar': 1, 'wind': 0, 'generator': 0}",285.0,0.0742,9.972,0.6
1057,-471.1805020937339,3.9342324000000004,167.24626969373386,0.0,278.7437828228898,0.0,304.9719988228898,304.97199882288976,0,"{'load': 1, 'battery': 1}",0,26.228216000000003,0,0,0,0,0,"{'solar': 1, 'wind': 0, 'generator': 0}",285.0,93.6722,1.476,0.6
1058,-136.61516825172657,0.0,136.61516825172657,0.0,227.69194708621094,0.0,227.69194708621094,227.69194708621094,0,"{'load': 1, 'battery': 1}",0,0.0,2,0,0,0,0,"{'solar': 0, 'wind': 0, 'generator': 0}",285.0,849.0671,24.66,0.6
1059,-73.25224483276509,30.920185800000002,42.33205903276508,0.0,70.55343172127513,0.0,276.68800372127515,276.68800372127515,0,"{'load': 1, 'battery': 1}",0,206.13457200000002,0,0,0,0,0,"{'solar': 1, 'wind': 0, 'generator': 0}",285.0,736.1949,4.86,0.6
1060,-396.0285487270197,0.0,396.0285487270197,0.0,440.03172080779973,0.0,440.03172080779973,440.03172080779973,0,"{'load': 1, 'battery': 1}",0,0.0,0,0,0,0,0,"{'solar': 0, 'wind': 0, 'generator': 0}",285.0,4.039,2.736,0.8999999999999999
1061,-113.73254152002183,0.0,113.73254152002183,0.0,189.55423586670304,0.0,189.55423586670304,189.55423586670304,0,"{'load': 1, 'battery': 1}",0,0.0,0,0,0,0,0,"{'solar': 1, 'wind': 0, 'generator': 0}",285.0,0.0,15.3,0.6
1062,-84.77767117711063,0.007790999999999999,84.78026817711064,0.0,141.30044696185107,0.010388000000000001,141.30044696185107,141.30044696185107,0,"{'load': 1, 'battery': 1}",0,0.05194,2,0,0,0,0,"{'solar': 1, 'wind': 0, 'generator': 0}",285.0,0.1855,15.120000000000001,0.6
1063,-159.695035513336,0.0,159.695035513336,0.0,266.1583925222267,0.0,266.1583925222267,266.1583925222267,0,"{'load': 1, 'battery': 1}",0,0.0,0,0,0,0,0,"{'solar': 0, 'wind': 0, 'generator': 0}",285.0,199.4841,4.212,0.6
1064,-188.8080378734968,38.201368800000004,150.6066690734968,0.0,251.01111512249466,0.0,249.67088918474795,254.67579200000003,0,"{'load': 1, 'battery': 1}",0,254.67579200000003,0,0,0,0,0,"{'solar': 1, 'wind': 0, 'generator': 0}",285.0,909.5564,9.792000000000002,0.6
1065,-1115.4979208191141,32.9736876,1126.4891500191143,0.0,321.85404286260405,43.964916800000005,321.85404286260405,321.85404286260405,0,"{'load': 1, 'battery': 1}",0,219.82458400000002,2,0,0,0,0,"{'solar': 1, 'wind': 0, 'generator': 0}",285.0,785.0878,13.428,3.5
1066,-896.9464355853354,1.1822454,895.7641901853353,0.0,471.4548369396502,0.0,479.3364729396502,479.3364729396502,0,"{'load': 1, 'battery': 1}",0,7.881636,0,0,0,0,0,"{'solar': 1, 'wind': 0, 'generator': 0}",285.0,28.1487,22.356,1.9
1067,-126.89078005929129,0.0,126.89078005929129,0.0,211.48463343215215,0.0,211.48463343215215,211.48463343215215,0,"{'load': 1, 'battery': 1}",0,0.0,0,0,0,0,0,"{'solar': 0, 'wind': 0, 'generator': 0}",285.0,0.0,3.6,0.6
1068,-87.5209782182934,0.0,87.5209782182934,0.0,145.868297030489,0.0,145.868297030489,145.868297030489,0,"{'load': 1, 'battery': 1}",0,0.0,2,0,0,0,0,"{'solar': 0, 'wind': 0, 'generator': 0}",285.0,0.061,4.680000000000001,0.6
1069,-156.33285174075283,0.0,156.33285174075283,0.0,260.55475290125474,0.0,260.55475290125474,260.55475290125474,0,"{'load': 1, 'battery': 1}",0,0.0,2,0,0,0,0,"{'solar': 0, 'wind': 0, 'generator': 0}",285.0,121.1914,17.532,0.6
1070,-110.0402741723446,38.635707599999996,71.40456657234459,0.0,37.581350827549784,0.0,295.15273482754975,295.15273482754975,0,"{'load': 1, 'battery': 1}",0,257.57138399999997,0,0,0,0,0,"{'solar': 1, 'wind': 0, 'generator': 0}",285.0,919.8978,18.791999999999998,1.9
1071,-487.1585061823376,31.2206538,455.9378523823376,0.0,130.26795782352502,0.0,338.40564982352504,338.40564982352504,0,"{'load': 1, 'battery': 1}",0,208.13769200000002,0,0,0,0,0,"{'solar': 1, 'wind': 0, 'generator': 0}",285.0,743.3489,28.116,3.5
1072,-982.6562227694664,0.0,982.6562227694664,0.0,517.1874856681402,0.0,517.1874856681402,517.1874856681402,0,"{'load': 1, 'battery': 1}",0,0.0,1,0,0,0,0,"{'solar': 0, 'wind': 0, 'generator': 0}",285.0,64.5036,5.436,1.9
1073,-505.14009798967015,0.0,205.14009798967012,0.0,341.9001633161169,0.0,243.06414565657295,0.0,0,"{'load': 0, 'battery': 0}",0,0.0,0,0,0,0,0,"{'solar': 0, 'wind': 0, 'generator': 0}",285.0,0.0077,14.652000000000001,0.6
1074,-91.22849410269839,0.0,91.22849410269839,0.0,152.047490171164,0.0,152.047490171164,152.047490171164,0,"{'load': 1, 'battery': 1}",0,0.0,2,0,0,0,0,"{'solar': 0, 'wind': 0, 'generator': 0}",285.0,0.129,8.784,0.6
1075,-136.7254638828821,9.540368979071296,127.1850949038108,209.587809,2.3873491730180376,0.0,272.38734917301804,272.38734917301804,1,"{'load': 1, 'battery': 1}",1,63.59178,1,0,0,0,0,"{'solar': 1, 'wind': 0, 'generator': 0}",285.0,227.1135,21.6,0.6
1076,-652.2022841275141,38.7434208,665.1167577275141,0.0,350.0614514355338,51.65789440000001,350.0614514355338,350.0614514355338,0,"{'load': 1, 'battery': 1}",0,258.28947200000005,2,0,0,0,0,"{'solar': 1, 'wind': 0, 'generator': 0}",285.0,922.4624,4.680000000000001,1.9
1077,-1612.4439046385144,0.0,1612.4439046385144,0.0,460.69825846814695,0.0,460.69825846814695,460.69825846814695,0,"{'load': 1, 'battery': 1}",0,0.0,0,0,0,0,0,"{'solar': 0, 'wind': 0, 'generator': 0}",285.0,793.2121,23.076,3.5
1078,-1051.4361384303843,0.0,1051.4361384303843,0.0,553.3874412791497,0.0,553.3874412791497,553.3874412791497,0,"{'load': 1, 'battery': 1}",0,0.0,2,0,0,0,0,"{'solar': 0, 'wind': 0, 'generator': 0}",285.0,56.1792,7.272,1.9
1079,-152.06783499189717,0.0035994000000000004,152.06423559189716,0.0,253.44039265316192,0.0,253.46438865316193,253.46438865316193,0,"{'load': 1, 'battery': 1}",0,0.023996000000000003,0,0,0,0,0,"{'solar': 1, 'wind': 0, 'generator': 0}",285.0,0.0857,2.592,0.6
1080,-105.28275416350095,0.0,105.28275416350095,0.0,175.47125693916826,0.0,175.47125693916826,175.47125693916826,0,"{'load': 1, 'battery': 1}",0,0.0,0,0,0,0,0,"{'solar': 0, 'wind': 0, 'generator': 0}",285.0,0.0548,11.16,0.6
1081,-174.47384273314614,3.1759728000000003,171.29786993314613,0.0,285.4964498885769,0.0,306.6696018885769,306.6696018885769,0,"{'load': 1, 'battery': 0}",0,21.173152,0,0,0,0,0,"{'solar': 1, 'wind': 0, 'generator': 0}",285.0,75.6184,13.536,0.6
1082,-295.3056753025878,38.2990482,257.0066271025878,0.0,135.26664584346727,0.0,390.5936338434673,390.5936338434673,0,"{'load': 1, 'battery': 1}",0,255.326988,0,0,0,0,0,"{'solar': 1, 'wind': 0, 'generator': 0}",285.0,911.8821,7.920000000000001,1.9
1083,-1169.6382564112125,33.545379,1136.0928774112126,0.0,324.5979649746322,0.0,548.2338249746322,548.2338249746322,0,"{'load': 1, 'battery': 1}",0,223.63585999999998,0,0,0,0,0,"{'solar': 1, 'wind': 0, 'generator': 0}",285.0,798.6995,12.276000000000002,3.5
1084,-1113.1688882986168,0.0,1113.1688882986168,0.0,585.87836226243,0.0,585.87836226243,585.87836226243,0,"{'load': 1, 'battery': 0}",0,0.0,1,0,0,0,0,"{'solar': 0, 'wind': 0, 'generator': 0}",285.0,37.5277,11.879999999999999,1.9
1085,-164.38860702857224,0.0009072000000000002,164.38890942857225,0.0,273.98151571428707,0.0012096000000000003,273.98151571428707,273.98151571428707,0,"{'load': 1, 'battery': 1}",0,0.006048000000000001,2,0,0,0,0,"{'solar': 1, 'wind': 0, 'generator': 0}",285.0,0.0216,9.936,0.6
1086,-107.60745151102242,0.001558260917283951,107.60589325010514,0.0,179.3431554168419,0.0,179.3431554168419,179.3431554168419,0,"{'load': 1, 'battery': 1}",0,0.010388000000000001,1,0,0,0,0,"{'solar': 1, 'wind': 0, 'generator': 0}",285.0,0.0371,7.2,0.6
1087,-188.37614159351227,8.14901157030247,180.2271300232098,0.0,300.37855003868304,0.0,300.37855003868304,300.37855003868304,0,"{'load': 1, 'battery': 1}",0,54.32462000000001,1,0,0,0,0,"{'solar': 1, 'wind': 0, 'generator': 0}",285.0,194.0165,1.8,0.6
1088,-340.9070595484712,36.5700342,304.3370253484712,0.0,160.17738176235326,0.0,403.97760976235327,403.97760976235327,0,"{'load': 1, 'battery': 1}",0,243.800228,0,0,0,0,0,"{'solar': 1, 'wind': 0, 'generator': 0}",285.0,870.7151,6.48,1.9
1089,-1866.136803359313,0.0,1866.136803359313,0.0,533.1819438169466,0.0,533.1819438169466,533.1819438169466,0,"{'load': 1, 'battery': 0}",0,0.0,2,0,0,0,0,"{'solar': 0, 'wind': 0, 'generator': 0}",285.0,698.0837,5.58,3.5
1090,-947.9344660011486,0.0,947.9344660011486,0.0,498.9128768427098,0.0,498.9128768427098,498.9128768427098,0,"{'load': 1, 'battery': 0}",0,0.0,0,0,0,0,0,"{'solar': 0, 'wind': 0, 'generator': 0}",285.0,23.0817,16.56,1.9
1091,-151.7907586807333,0.0,151.7907586807333,0.0,252.98459780122215,0.0,252.98459780122215,252.98459780122215,0,"{'load': 1, 'battery': 1}",0,0.0,0,0,0,0,0,"{'solar': 0, 'wind': 0, 'generator': 0}",285.0,0.0595,3.9600000000000004,0.6
1092,-102.51580668134473,0.0,102.51580668134473,0.0,170.8596778022412,0.0,170.8596778022412,170.8596778022412,0,"{'load': 1, 'battery': 1}",0,0.0,1,0,0,0,0,"{'solar': 0, 'wind': 0, 'generator': 0}",285.0,0.0371,9.684,0.6
1093,-188.24554651150078,0.0,188.24554651150078,0.0,313.742577519168,0.0,313.742577519168,313.742577519168,0,"{'load': 1, 'battery': 1}",0,0.0,0,0,0,0,0,"{'solar': 0, 'wind': 0, 'generator': 0}",285.0,168.1811,10.404,0.6
1094,-696.6927992175274,0.0,696.6927992175274,0.0,366.6804206408039,0.0,366.6804206408039,366.6804206408039,0,"{'load': 1, 'battery': 1}",0,0.0,2,0,0,0,0,"{'solar': 0, 'wind': 0, 'generator': 0}",285.0,820.9164,7.416,1.9
1095,-1808.518692342333,0.0,1808.518692342333,0.0,516.7196263835237,0.0,516.7196263835237,516.7196263835237,0,"{'load': 1, 'battery': 1}",0,0.0,0,0,0,0,0,"{'solar': 0, 'wind': 0, 'generator': 0}",285.0,349.9799,25.2,3.5
1096,-1110.9000764013347,0.040361999999999995,1110.8597144013347,0.0,584.6630075796498,0.0,584.9320875796499,584.9320875796499,0,"{'load': 1, 'battery': 1}",0,0.26908,0,0,0,0,0,"{'solar': 1, 'wind': 0, 'generator': 0}",285.0,0.961,24.840000000000003,1.9
1097,-150.7410066854322,0.0007476292271604937,150.74025905620505,0.0,251.2337650936751,0.0,251.2337650936751,251.2337650936751,0,"{'load': 1, 'battery': 1}",0,0.004984,1,0,0,0,0,"{'solar': 1, 'wind': 0, 'generator': 0}",285.0,0.0178,11.16,0.6
1098,-96.16036391826061,0.0,96.16036391826061,0.0,160.26727319710102,0.0,160.26727319710102,160.26727319710102,0,"{'load': 1, 'battery': 1}",0,0.0,2,0,0,0,0,"{'solar': 0, 'wind': 0, 'generator': 0}",285.0,0.0502,1.836,0.6
1099,-174.72404824335044,0.0,174.72404824335044,0.0,291.2067470722507,0.0,291.2067470722507,291.2067470722507,0,"{'load': 1, 'battery': 1}",0,0.0,2,0,0,0,0,"{'solar': 0, 'wind': 0, 'generator': 0}",285.0,59.9242,24.084000000000003,0.6
1100,-250.61867101167124,28.133292599999994,222.48537841167123,0.0,117.09756758509013,0.0,304.6528515850901,304.6528515850901,0,"{'load': 1, 'battery': 1}",0,187.55528399999997,0,0,0,0,0,"{'solar': 1, 'wind': 0, 'generator': 0}",285.0,669.8403,13.968,1.9
1101,-174.1836343385195,24.507630000000002,149.6760043385195,0.0,249.46000723086587,0.0,412.8442072308659,412.8442072308659,0,"{'load': 1, 'battery': 1}",0,163.38420000000002,0,0,0,0,0,"{'solar': 1, 'wind': 0, 'generator': 0}",285.0,583.515,5.472,0.6
1102,-503.72952641142496,0.0007769999999999999,503.7297854114249,0.0,559.69976156825,0.001036,559.69976156825,559.69976156825,0,"{'load': 1, 'battery': 0}",0,0.00518,2,0,0,0,0,"{'solar': 1, 'wind': 0, 'generator': 0}",285.0,0.0185,4.572,0.8999999999999999
1103,-124.40395629676384,0.0,124.40395629676384,0.0,207.33992716127307,0.0,207.33992716127307,207.33992716127307,0,"{'load': 1, 'battery': 1}",0,0.0,1,0,0,0,0,"{'solar': 0, 'wind': 0, 'generator': 0}",285.0,0.0487,4.824000000000001,0.6
1104,-85.26083267168214,0.003213,85.26190367168213,0.0,142.1031727861369,0.0042840000000000005,142.1031727861369,142.1031727861369,0,"{'load': 1, 'battery': 1}",0,0.02142,2,0,0,0,0,"{'solar': 1, 'wind': 0, 'generator': 0}",285.0,0.0765,15.3,0.6
1105,-176.1346237621162,0.0,176.1346237621162,0.0,293.5577062701937,0.0,293.5577062701937,293.5577062701937,0,"{'load': 1, 'battery': 1}",0,0.0,0,0,0,0,0,"{'solar': 0, 'wind': 0, 'generator': 0}",285.0,47.1041,1.836,0.6
1106,-78.55939189972622,27.326670000000004,51.23272189972622,0.0,85.38786983287704,0.0,267.56566983287706,267.56566983287706,0,"{'load': 1, 'battery': 1}",0,182.17780000000002,0,0,0,0,0,"{'solar': 1, 'wind': 0, 'generator': 0}",285.0,650.635,2.9160000000000004,0.6
1107,-154.34930883557575,18.453283799999998,135.89602503557575,0.0,226.49337505929293,0.0,349.5152670592929,349.5152670592929,0,"{'load': 1, 'battery': 1}",0,123.021892,0,0,0,0,0,"{'solar': 1, 'wind': 0, 'generator': 0}",285.0,439.3639,7.992000000000001,0.6
1108,-451.87528823333037,0.0015833333333333333,451.87370489999705,270.0,232.08189433333013,0.0,502.0818943333301,502.0818943333301,1,"{'load': 1, 'battery': 1}",1,0.0,1,0,0,0,0,"{'solar': 0, 'wind': 0, 'generator': 0}",285.0,0.061,40.464,0.8999999999999999
1109,-161.59511503658035,0.0,161.59511503658035,0.0,269.3251917276339,0.0,269.3251917276339,269.3251917276339,0,"{'load': 1, 'battery': 1}",0,0.0,0,0,0,0,0,"{'solar': 0, 'wind': 0, 'generator': 0}",285.0,0.0487,14.832,0.6
1110,-245.1529076320655,0.0048593333333333336,245.15241629873216,270.0,138.58736049788698,0.004368,135.2782468256221,270.0,1,"{'load': 1, 'battery': 1}",1,0.021840000000000002,2,0,0,0,0,"{'solar': 1, 'wind': 0, 'generator': 0}",285.0,0.078,15.371999999999998,0.6
1111,-176.74883281966862,0.2400426,176.5087902196686,0.0,294.181317032781,0.0,295.781601032781,295.781601032781,0,"{'load': 1, 'battery': 1}",0,1.600284,0,0,0,0,0,"{'solar': 1, 'wind': 0, 'generator': 0}",285.0,5.7153,14.508000000000001,0.6
1112,-177.92970219792176,24.802507207437035,153.12719499048472,0.0,255.2119916508079,0.0,255.2119916508079,255.2119916508079,0,"{'load': 1, 'battery': 1}",0,165.343584,1,0,0,0,0,"{'solar': 1, 'wind': 0, 'generator': 0}",285.0,590.5128,25.776,0.6
1113,-118.47107842749585,15.0638964,103.40718202749585,0.0,172.34530337915976,0.0,272.77127937915975,272.77127937915975,0,"{'load': 1, 'battery': 1}",0,100.425976,0,0,0,0,0,"{'solar': 1, 'wind': 0, 'generator': 0}",285.0,358.6642,5.148,0.6
1114,-434.7549960693813,0.0010038392432098766,434.7539922301381,0.0,483.0599913668202,0.0,483.0599913668202,483.0599913668202,0,"{'load': 1, 'battery': 1}",0,0.006692,1,0,0,0,0,"{'solar': 1, 'wind': 0, 'generator': 0}",285.0,0.0239,39.744,0.8999999999999999
1115,-159.13998325115213,0.0,159.13998325115213,0.0,265.2333054185869,0.0,265.2333054185869,265.2333054185869,0,"{'load': 1, 'battery': 1}",0,0.0,0,0,0,0,0,"{'solar': 0, 'wind': 0, 'generator': 0}",285.0,0.034,0.396,0.6
1116,-125.85556215032524,0.0,125.85556215032524,0.0,209.75927025054207,0.0,209.75927025054207,209.75927025054207,0,"{'load': 1, 'battery': 0}",0,0.0,2,0,0,0,0,"{'solar': 0, 'wind': 0, 'generator': 0}",285.0,0.0062,6.048,0.6
1117,-243.35161502511176,0.0,243.35161502511176,0.0,405.58602504185296,0.0,405.58602504185296,405.58602504185296,0,"{'load': 1, 'battery': 1}",0,0.0,1,0,0,0,0,"{'solar': 0, 'wind': 0, 'generator': 0}",285.0,1.6215,19.332,0.6
1118,-185.73517261189735,21.362489333333336,192.85389127856402,270.0,51.423152130940025,28.481208000000006,321.42315213094,321.42315213094,1,"{'load': 1, 'battery': 1}",1,142.40604000000002,2,0,0,0,0,"{'solar': 1, 'wind': 0, 'generator': 0}",285.0,508.593,4.392,0.6
1119,-155.9789710506753,7.431921000000001,148.54705005067532,0.0,247.57841675112556,0.0,297.12455675112557,297.12455675112557,0,"{'load': 1, 'battery': 1}",0,49.54614000000001,0,0,0,0,0,"{'solar': 1, 'wind': 0, 'generator': 0}",285.0,176.9505,11.376000000000001,0.6
1120,-482.5791795179713,0.0017220000000000002,482.5797535179713,0.0,536.1997261310793,0.0022960000000000007,536.1997261310793,536.1997261310793,0,"{'load': 1, 'battery': 0}",0,0.011480000000000002,2,0,0,0,0,"{'solar': 1, 'wind': 0, 'generator': 0}",285.0,0.041,23.184,0.8999999999999999
1121,-200.7033123721403,0.0038975999999999993,200.6994147721403,0.0,334.49902462023385,0.0,334.52500862023385,334.52500862023385,0,"{'load': 1, 'battery': 1}",0,0.025983999999999997,0,0,0,0,0,"{'solar': 1, 'wind': 0, 'generator': 0}",285.0,0.0928,6.12,0.6
1122,-180.727955697635,0.0,180.727955697635,0.0,301.21325949605836,0.0,301.21325949605836,301.21325949605836,0,"{'load': 1, 'battery': 1}",0,0.0,0,0,0,0,0,"{'solar': 0, 'wind': 0, 'generator': 0}",285.0,0.0,2.52,0.6
1123,-287.77046038764337,0.016061427891358025,287.754398959752,0.0,479.59066493292,0.0,479.59066493292,479.59066493292,0,"{'load': 1, 'battery': 1}",0,0.107072,1,0,0,0,0,"{'solar': 1, 'wind': 0, 'generator': 0}",285.0,0.3824,8.712,0.6
1124,-160.5688961149158,21.327343799999998,139.2415523149158,0.0,232.06925385819298,0.0,374.25154585819297,374.25154585819297,0,"{'load': 1, 'battery': 1}",0,142.182292,0,0,0,0,0,"{'solar': 1, 'wind': 0, 'generator': 0}",285.0,507.7939,6.408,0.6
1125,-206.90538318449583,17.942937645448147,188.96244553904768,0.0,314.93740923174613,0.0,314.93740923174613,314.93740923174613,0,"{'load': 1, 'battery': 1}",0,119.61490800000001,1,0,0,0,0,"{'solar': 1, 'wind': 0, 'generator': 0}",285.0,427.1961,25.992,0.6
1126,-485.2560348607407,0.0015833333333333333,485.2544515274074,270.0,269.1716128082305,0.0,539.1716128082305,539.1716128082305,1,"{'load': 1, 'battery': 1}",1,0.0,1,0,0,0,0,"{'solar': 0, 'wind': 0, 'generator': 0}",285.0,0.044,16.272,0.8999999999999999
1127,-195.43946915913298,0.0,195.43946915913298,0.0,325.732448598555,0.0,325.732448598555,325.732448598555,0,"{'load': 1, 'battery': 1}",0,0.0,0,0,0,0,0,"{'solar': 0, 'wind': 0, 'generator': 0}",285.0,0.0487,8.64,0.6
1128,-145.9313052574464,0.003213125611111111,145.9280921318353,0.0,243.21348688639222,0.0,243.21348688639222,243.21348688639222,0,"{'load': 1, 'battery': 1}",0,0.02142,1,0,0,0,0,"{'solar': 1, 'wind': 0, 'generator': 0}",285.0,0.0765,29.088,0.6
1129,-280.83766641777584,0.047224800000000004,280.85340801777585,0.0,468.08901336295975,0.06296640000000002,468.08901336295975,468.08901336295975,0,"{'load': 1, 'battery': 1}",0,0.31483200000000006,2,0,0,0,0,"{'solar': 1, 'wind': 0, 'generator': 0}",285.0,1.1244,20.52,0.6
1130,-255.06232921592851,24.02621605979259,231.0361131561359,0.0,385.0601885935599,0.0,385.0601885935599,385.0601885935599,0,"{'load': 1, 'battery': 1}",0,160.168512,1,0,0,0,0,"{'solar': 1, 'wind': 0, 'generator': 0}",285.0,572.0304,25.056,0.6
1131,-108.38505383688512,21.947041199999997,86.43801263688512,0.0,144.06335439480853,0.0,290.3769623948085,290.3769623948085,0,"{'load': 1, 'battery': 0}",0,146.313608,0,0,0,0,0,"{'solar': 1, 'wind': 0, 'generator': 0}",285.0,522.5486,21.564,0.6
1132,-475.2872367063544,0.0001302,475.2871065063544,0.0,528.0967850070605,0.0,528.0976530070604,528.0976530070604,0,"{'load': 1, 'battery': 1}",0,0.000868,0,0,0,0,0,"{'solar': 1, 'wind': 0, 'generator': 0}",285.0,0.0031,19.98,0.8999999999999999
1133,-177.94587582801552,0.0,177.94587582801552,0.0,296.5764597133592,0.0,296.5764597133592,296.5764597133592,0,"{'load': 1, 'battery': 1}",0,0.0,0,0,0,0,0,"{'solar': 0, 'wind': 0, 'generator': 0}",285.0,0.0216,4.212,0.6
1134,-111.0872207704944,0.0031794,111.0840413704944,0.0,185.140068950824,0.0,185.161264950824,185.161264950824,0,"{'load': 1, 'battery': 1}",0,0.021196000000000003,0,0,0,0,0,"{'solar': 1, 'wind': 0, 'generator': 0}",285.0,0.0757,18.144000000000002,0.6
1135,-221.42563683930268,0.5559673344987655,220.8696695048039,0.0,368.1161158413399,0.0,368.1161158413399,368.1161158413399,0,"{'load': 1, 'battery': 1}",0,3.7063040000000003,1,0,0,0,0,"{'solar': 1, 'wind': 0, 'generator': 0}",285.0,13.2368,6.6240000000000006,0.6
1136,-91.41554860038542,27.1664862,64.24906240038543,0.0,107.08177066730906,0.0,288.1916786673091,288.1916786673091,0,"{'load': 1, 'battery': 1}",0,181.10990800000002,0,0,0,0,0,"{'solar': 1, 'wind': 0, 'generator': 0}",285.0,646.8211,11.592,0.6
1137,-302.35576132478536,17.513260733333336,308.19140379145205,270.0,243.65233965242015,23.348903200000006,252.05776946043673,270.0,1,"{'load': 1, 'battery': 1}",1,116.74451600000002,2,0,0,0,0,"{'solar': 1, 'wind': 0, 'generator': 0}",285.0,416.9447,43.2,0.6
1138,-441.0768664633134,0.0015833333333333333,441.0752831299801,270.0,220.08364792220016,0.0,490.08364792220016,490.08364792220016,1,"{'load': 1, 'battery': 1}",1,0.0,0,0,0,0,0,"{'solar': 0, 'wind': 0, 'generator': 0}",285.0,0.3807,23.364,0.8999999999999999
1139,-177.0511636203524,0.007530599999999999,177.04363302035242,0.0,295.07272170058735,0.0,295.12292570058736,295.12292570058736,0,"{'load': 1, 'battery': 1}",0,0.050204,0,0,0,0,0,"{'solar': 1, 'wind': 0, 'generator': 0}",285.0,0.1793,22.715999999999998,0.6
1140,-92.00487958200301,0.0,92.00487958200301,0.0,153.34146597000503,0.0,153.34146597000503,153.34146597000503,0,"{'load': 1, 'battery': 0}",0,0.0,0,0,0,0,0,"{'solar': 0, 'wind': 0, 'generator': 0}",285.0,0.0,22.824,0.6
1141,-215.42034950176563,0.0,215.42034950176563,0.0,359.03391583627604,0.0,359.03391583627604,359.03391583627604,0,"{'load': 1, 'battery': 1}",0,0.0,2,0,0,0,0,"{'solar': 0, 'wind': 0, 'generator': 0}",285.0,63.3649,1.8,0.6
1142,-143.08419518742534,0.0,143.08419518742534,0.0,238.4736586457089,0.0,238.4736586457089,238.4736586457089,0,"{'load': 1, 'battery': 1}",0,0.0,0,0,0,0,0,"{'solar': 0, 'wind': 0, 'generator': 0}",285.0,445.6233,11.592,0.6
1143,-68.53807967196892,28.3024686,40.23561107196891,0.0,67.05935178661485,0.0,255.74247578661488,255.74247578661488,0,"{'load': 1, 'battery': 1}",0,188.68312400000002,0,0,0,0,0,"{'solar': 1, 'wind': 0, 'generator': 0}",285.0,673.8683,10.152,0.6
1144,-350.19057322164866,0.0783174,350.11225582164866,0.0,389.0136175796097,0.0,389.53573357960965,389.53573357960965,0,"{'load': 1, 'battery': 0}",0,0.522116,0,0,0,0,0,"{'solar': 1, 'wind': 0, 'generator': 0}",285.0,1.8647,28.152,0.8999999999999999
1145,-319.8313815192276,0.0015833333333333333,319.8297981858943,270.0,263.04966364315715,0.0,183.5782408980239,270.0,1,"{'load': 0, 'battery': 1}",1,0.0,0,0,0,0,0,"{'solar': 1, 'wind': 0, 'generator': 0}",285.0,0.0,19.836,0.6
1146,-83.60226546397267,0.0,83.60226546397267,0.0,139.3371091066211,0.0,139.3371091066211,139.3371091066211,0,"{'load': 1, 'battery': 1}",0,0.0,1,0,0,0,0,"{'solar': 1, 'wind': 0, 'generator': 0}",285.0,0.0,13.356,0.6
1147,-157.87912227867898,6.963201,160.20018927867898,0.0,267.00031546446496,9.284268,267.00031546446496,267.00031546446496,0,"{'load': 1, 'battery': 0}",0,46.42134,2,0,0,0,0,"{'solar': 1, 'wind': 0, 'generator': 0}",285.0,165.7905,24.12,0.6
1148,-54.132299294204834,29.3276214,24.804677894204833,0.0,41.34112982367472,0.0,236.85860582367474,236.85860582367474,0,"{'load': 1, 'battery': 1}",0,195.51747600000002,0,0,0,0,0,"{'solar': 1, 'wind': 0, 'generator': 0}",285.0,698.2767,3.6,0.6
1149,-188.62074338681873,0.0,188.62074338681873,0.0,314.3679056446979,0.0,314.3679056446979,314.3679056446979,0,"{'load': 1, 'battery': 1}",0,0.0,2,0,0,0,0,"{'solar': 0, 'wind': 0, 'generator': 0}",285.0,741.4961,17.568,0.6
1150,-411.3151742972426,0.0,411.3151742972426,0.0,457.0168603302696,0.0,457.0168603302696,457.0168603302696,0,"{'load': 1, 'battery': 1}",0,0.0,0,0,0,0,0,"{'solar': 0, 'wind': 0, 'generator': 0}",285.0,17.1302,25.56,0.8999999999999999
1151,-117.48044138529845,0.0042168,117.47622458529845,0.0,195.7937076421641,0.0,195.8218196421641,195.8218196421641,0,"{'load': 1, 'battery': 1}",0,0.028112,0,0,0,0,0,"{'solar': 1, 'wind': 0, 'generator': 0}",285.0,0.1004,3.24,0.6
1152,-85.05715308708658,0.0,85.05715308708658,0.0,141.76192181181096,0.0,141.76192181181096,141.76192181181096,0,"{'load': 1, 'battery': 1}",0,0.0,1,0,0,0,0,"{'solar': 0, 'wind': 0, 'generator': 0}",285.0,0.0,4.6080000000000005,0.6
1153,-158.1747250626503,0.0,158.1747250626503,0.0,263.62454177108384,0.0,263.62454177108384,263.62454177108384,0,"{'load': 1, 'battery': 1}",0,0.0,0,0,0,0,0,"{'solar': 0, 'wind': 0, 'generator': 0}",285.0,227.359,13.644,0.6
1154,-551.4713528344535,0.0,551.4713528344535,0.0,290.248080439186,0.0,290.248080439186,290.248080439186,0,"{'load': 1, 'battery': 1}",0,0.0,0,0,0,0,0,"{'solar': 0, 'wind': 0, 'generator': 0}",285.0,947.708,5.688000000000001,1.9
1155,-1303.8690511833856,0.0,1303.8690511833856,0.0,372.5340146238245,0.0,372.5340146238245,372.5340146238245,0,"{'load': 1, 'battery': 0}",0,0.0,0,0,0,0,0,"{'solar': 0, 'wind': 0, 'generator': 0}",285.0,701.8484,17.388,3.5
1156,-944.2045116825944,0.6463211999999999,944.4199520825945,0.0,497.06313267504976,0.8617616,497.06313267504976,497.06313267504976,0,"{'load': 1, 'battery': 1}",0,4.308808,2,0,0,0,0,"{'solar': 1, 'wind': 0, 'generator': 0}",285.0,15.3886,21.6,1.9
1157,-138.46951465509412,0.0039607548382716035,138.46555390025586,0.0,230.77592316709308,0.0,230.77592316709308,230.77592316709308,0,"{'load': 1, 'battery': 1}",0,0.026403999999999997,1,0,0,0,0,"{'solar': 1, 'wind': 0, 'generator': 0}",285.0,0.0943,9.18,0.6
1158,-92.04986454970431,0.0,92.04986454970431,0.0,153.41644091617385,0.0,153.41644091617385,153.41644091617385,0,"{'load': 1, 'battery': 1}",0,0.0,2,0,0,0,0,"{'solar': 1, 'wind': 0, 'generator': 0}",285.0,0.0,0.5040000000000001,0.6
1159,-175.2550720846799,11.8911618,163.36391028467992,0.0,272.27318380779985,0.0,278.1568264577552,349.274412,1,"{'load': 1, 'battery': 0}",1,79.27441200000001,0,0,0,0,0,"{'solar': 1, 'wind': 0, 'generator': 0}",15.0,283.1229,3.6,0.6
1160,-148.06315751805957,38.423389199999995,109.63976831805957,0.0,57.70514122003135,0.0,313.8610692200313,313.8610692200313,0,"{'load': 1, 'battery': 1}",0,256.15592799999996,0,0,0,0,0,"{'solar': 1, 'wind': 0, 'generator': 0}",285.0,914.8426,12.420000000000002,1.9
1161,-827.774070682754,33.821906999999996,793.952163682754,0.0,226.8434753379297,0.0,452.3228553379297,452.3228553379297,0,"{'load': 1, 'battery': 1}",0,225.47938,0,0,0,0,0,"{'solar': 1, 'wind': 0, 'generator': 0}",285.0,805.2835,10.908,3.5
1162,-962.6798187476974,2.944851,959.7349677476974,0.0,505.12366723563025,0.0,524.7560072356302,524.7560072356302,0,"{'load': 1, 'battery': 0}",0,19.63234,0,0,0,0,0,"{'solar': 1, 'wind': 0, 'generator': 0}",285.0,70.1155,7.272,1.9
1163,-147.11695291639833,0.0001638064037037037,147.11678910999464,0.0,245.19464851665776,0.0,245.19464851665776,245.19464851665776,0,"{'load': 1, 'battery': 1}",0,0.001092,1,0,0,0,0,"{'solar': 1, 'wind': 0, 'generator': 0}",285.0,0.0039,20.52,0.6
1164,-96.54967798855797,0.005514600000000001,96.54416338855798,0.0,160.90693898092997,0.0,160.94370298092997,160.94370298092997,0,"{'load': 1, 'battery': 0}",0,0.036764000000000005,0,0,0,0,0,"{'solar': 1, 'wind': 0, 'generator': 0}",285.0,0.1313,5.688000000000001,0.6
1165,-169.16598554418525,3.003398812235802,166.16258673194943,0.0,276.9376445532491,0.0,276.9376445532491,276.9376445532491,0,"{'load': 1, 'battery': 1}",0,20.021876,1,0,0,0,0,"{'solar': 1, 'wind': 0, 'generator': 0}",285.0,71.5067,3.2760000000000002,0.6
1166,-834.2014333663109,38.04202493333334,796.1594084329776,270.0,149.031267596304,0.0,384.9230908132144,523.602944,1,"{'load': 1, 'battery': 1}",1,253.602944,0,0,0,0,0,"{'solar': 1, 'wind': 0, 'generator': 0}",285.0,905.7248,0.36000000000000004,1.9
1167,-1893.5508539187567,34.31802959891358,1859.232824319843,0.0,531.209378377098,0.0,531.209378377098,531.209378377098,0,"{'load': 1, 'battery': 1}",0,228.77792,1,0,0,0,0,"{'solar': 1, 'wind': 0, 'generator': 0}",285.0,817.064,1.9440000000000002,3.5
1168,-1101.0922884752754,0.0,1101.0922884752754,0.0,579.5222570922502,0.0,579.5222570922502,579.5222570922502,0,"{'load': 1, 'battery': 1}",0,0.0,0,0,0,0,0,"{'solar': 0, 'wind': 0, 'generator': 0}",285.0,66.9443,7.5600000000000005,1.9
1169,-167.14086221896565,0.0,167.14086221896565,0.0,278.5681036982761,0.0,278.5681036982761,278.5681036982761,0,"{'load': 1, 'battery': 1}",0,0.0,1,0,0,0,0,"{'solar': 0, 'wind': 0, 'generator': 0}",285.0,0.0348,19.656,0.6
1170,-269.31109112070044,0.0021041343513580244,269.30898698634905,269.9967016,178.85161004391512,0.0,178.85161004391512,178.85161004391512,0,"{'load': 1, 'battery': 1}",0,0.003472,1,0,0,0,0,"{'solar': 1, 'wind': 0, 'generator': 0}",285.0,0.0124,7.128,0.6
1171,-184.80338780851324,0.0,184.80338780851324,0.0,308.0056463475221,0.0,308.0056463475221,308.0056463475221,0,"{'load': 1, 'battery': 1}",0,0.0,1,0,0,0,0,"{'solar': 0, 'wind': 0, 'generator': 0}",285.0,66.4183,18.791999999999998,0.6
1172,-712.1885053079392,37.74667260000001,724.7707295079392,0.0,381.4582786883891,50.32889680000002,381.4582786883891,381.4582786883891,0,"{'load': 1, 'battery': 1}",0,251.64448400000006,2,0,0,0,0,"{'solar': 1, 'wind': 0, 'generator': 0}",285.0,898.7303,8.64,1.9
1173,-1257.8179238042542,27.715484933333332,1230.1024388709209,270.0,81.45783967740596,0.0,536.217183677406,536.217183677406,1,"{'load': 1, 'battery': 1}",1,184.759344,0,0,0,0,0,"{'solar': 1, 'wind': 0, 'generator': 0}",285.0,659.8548,2.592,3.5
1174,-1144.0227569682972,0.0,1144.0227569682972,0.0,602.1172405096302,0.0,602.1172405096302,602.1172405096302,0,"{'load': 1, 'battery': 1}",0,0.0,2,0,0,0,0,"{'solar': 0, 'wind': 0, 'generator': 0}",285.0,32.7551,18.503999999999998,1.9
1175,-166.37256651780527,0.0,166.37256651780527,0.0,277.2876108630088,0.0,277.2876108630088,277.2876108630088,0,"{'load': 1, 'battery': 1}",0,0.0,1,0,0,0,0,"{'solar': 0, 'wind': 0, 'generator': 0}",285.0,0.0603,12.78,0.6
1176,-96.58093502390999,0.0,96.58093502390999,0.0,160.96822503984998,0.0,160.96822503984998,160.96822503984998,0,"{'load': 1, 'battery': 1}",0,0.0,1,0,0,0,0,"{'solar': 0, 'wind': 0, 'generator': 0}",285.0,0.0224,14.292000000000002,0.6
1177,-133.34756046505922,2.553237814037037,130.79432265102218,0.0,217.99053775170367,0.0,217.99053775170367,217.99053775170367,0,"{'load': 1, 'battery': 1}",0,17.02092,1,0,0,0,0,"{'solar': 1, 'wind': 0, 'generator': 0}",285.0,60.789,11.484,0.6
1178,-683.716872965427,36.3567666,647.360106365427,0.0,340.7158454554879,0.0,358.60338681649876,512.3784440000001,1,"{'load': 1, 'battery': 0}",1,242.37844400000003,0,0,0,0,0,"{'solar': 1, 'wind': 0, 'generator': 0}",15.0,865.6373,30.96,1.9
1179,-1947.699000742572,29.338823146188894,1918.3601775963832,0.0,548.1029078846809,0.0,548.1029078846809,548.1029078846809,0,"{'load': 1, 'battery': 1}",0,195.58450800000003,1,0,0,0,0,"{'solar': 1, 'wind': 0, 'generator': 0}",285.0,698.5161,27.612000000000002,3.5
1180,-1100.6059091612208,0.0,1100.6059091612208,0.0,579.2662679795899,0.0,579.2662679795899,579.2662679795899,0,"{'load': 1, 'battery': 1}",0,0.0,1,0,0,0,0,"{'solar': 0, 'wind': 0, 'generator': 0}",285.0,4.0001,21.240000000000002,1.9
1181,-386.27533359970704,0.0031415333333333333,386.2742696663737,270.0,373.79044944395616,0.0020776,269.27938769885606,270.0,1,"{'load': 1, 'battery': 1}",1,0.010388000000000001,2,0,0,0,0,"{'solar': 1, 'wind': 0, 'generator': 0}",285.0,0.0371,12.6,0.6
1182,-99.66265606682408,0.003960599999999999,99.65869546682408,0.0,166.09782577804015,0.0,166.12422977804016,166.12422977804016,0,"{'load': 1, 'battery': 1}",0,0.026403999999999997,0,0,0,0,0,"{'solar': 1, 'wind': 0, 'generator': 0}",285.0,0.0943,2.088,0.6
1183,-182.72561424547712,5.1545717083,177.5710425371771,0.0,295.95173756196186,0.0,295.95173756196186,295.95173756196186,0,"{'load': 1, 'battery': 1}",0,34.362468,1,0,0,0,0,"{'solar': 1, 'wind': 0, 'generator': 0}",285.0,122.7231,11.268,0.6
1184,-262.2166565125483,32.4230802,229.79357631254828,0.0,120.94398753292015,0.0,337.09785553292016,337.09785553292016,0,"{'load': 1, 'battery': 1}",0,216.15386800000002,0,0,0,0,0,"{'solar': 1, 'wind': 0, 'generator': 0}",285.0,771.9781,13.212,1.9
1185,-1629.342367456848,0.0,1629.342367456848,0.0,465.5263907019566,0.0,465.5263907019566,465.5263907019566,0,"{'load': 1, 'battery': 1}",0,0.0,0,0,0,0,0,"{'solar': 0, 'wind': 0, 'generator': 0}",285.0,612.9144,15.156,3.5
1186,-1062.979400460496,0.0,1062.979400460496,0.0,559.4628423476295,0.0,559.4628423476295,559.4628423476295,0,"{'load': 1, 'battery': 1}",0,0.0,1,0,0,0,0,"{'solar': 0, 'wind': 0, 'generator': 0}",285.0,0.0672,3.204,1.9
1187,-130.59352909264564,0.0,130.59352909264564,0.0,217.6558818210761,0.0,217.6558818210761,217.6558818210761,0,"{'load': 1, 'battery': 1}",0,0.0,2,0,0,0,0,"{'solar': 0, 'wind': 0, 'generator': 0}",285.0,0.0664,15.947999999999999,0.6
1188,-91.66734381015772,0.0,91.66734381015772,0.0,152.77890635026287,0.0,152.77890635026287,152.77890635026287,0,"{'load': 1, 'battery': 1}",0,0.0,1,0,0,0,0,"{'solar': 0, 'wind': 0, 'generator': 0}",285.0,0.0556,12.816,0.6
1189,-176.61681298216786,1.7190810000000003,174.89773198216787,0.0,291.4962199702798,0.0,302.9567599702798,302.9567599702798,0,"{'load': 1, 'battery': 1}",0,11.460540000000002,0,0,0,0,0,"{'solar': 1, 'wind': 0, 'generator': 0}",285.0,40.9305,1.836,0.6
1190,-86.6450798925252,29.139705,57.505374892525204,0.0,95.84229148754201,0.0,290.106991487542,290.106991487542,0,"{'load': 1, 'battery': 1}",0,194.2647,0,0,0,0,0,"{'solar': 1, 'wind': 0, 'generator': 0}",285.0,693.8025,7.704000000000001,0.6
1191,-233.8015871300879,0.0,233.8015871300879,0.0,389.66931188347985,0.0,389.66931188347985,389.66931188347985,0,"{'load': 1, 'battery': 1}",0,0.0,0,0,0,0,0,"{'solar': 0, 'wind': 0, 'generator': 0}",285.0,311.0999,5.688000000000001,0.6
1192,-443.97334482362083,0.0,443.97334482362083,0.0,493.3037164706899,0.0,493.3037164706899,493.3037164706899,0,"{'load': 1, 'battery': 1}",0,0.0,2,0,0,0,0,"{'solar': 0, 'wind': 0, 'generator': 0}",285.0,0.0317,10.836,0.8999999999999999
1193,-118.8082088154612,0.0,118.8082088154612,0.0,198.013681359102,0.0,198.013681359102,198.013681359102,0,"{'load': 1, 'battery': 1}",0,0.0,0,0,0,0,0,"{'solar': 0, 'wind': 0, 'generator': 0}",285.0,0.0819,4.032000000000001,0.6
1194,-83.11821079279017,0.0,83.11821079279017,0.0,138.53035132131694,0.0,138.53035132131694,138.53035132131694,0,"{'load': 1, 'battery': 1}",0,0.0,1,0,0,0,0,"{'solar': 0, 'wind': 0, 'generator': 0}",285.0,0.0889,18.791999999999998,0.6
1195,-187.9726800382872,1.2514053213407406,186.72127471694645,0.0,311.2021245282441,0.0,311.2021245282441,311.2021245282441,0,"{'load': 1, 'battery': 1}",0,8.342376,1,0,0,0,0,"{'solar': 1, 'wind': 0, 'generator': 0}",285.0,29.7942,0.0,0.6
1196,-89.49233450963881,25.7340132,63.75832130963881,0.0,106.26386884939802,0.0,277.82395684939803,277.82395684939803,0,"{'load': 1, 'battery': 1}",0,171.560088,0,0,0,0,0,"{'solar': 1, 'wind': 0, 'generator': 0}",285.0,612.7146,7.308,0.6
1197,-119.85730250709071,16.0307994,103.8265031070907,0.0,173.04417184515117,0.0,279.91616784515116,279.91616784515116,0,"{'load': 1, 'battery': 1}",0,106.871996,0,0,0,0,0,"{'solar': 1, 'wind': 0, 'generator': 0}",285.0,381.6857,66.744,0.6
1198,-454.29856994589244,0.0,454.29856994589244,0.0,504.7761888287694,0.0,504.7761888287694,504.7761888287694,0,"{'load': 1, 'battery': 1}",0,0.0,0,0,0,0,0,"{'solar': 0, 'wind': 0, 'generator': 0}",285.0,0.0664,13.284,0.8999999999999999
1199,-154.15827383739898,0.002205,154.15606883739898,0.0,256.926781395665,0.0,256.941481395665,256.941481395665,0,"{'load': 1, 'battery': 1}",0,0.014700000000000001,0,0,0,0,0,"{'solar': 1, 'wind': 0, 'generator': 0}",285.0,0.0525,9.0,0.6
1200,-81.15294266702765,0.0025326,81.15378686702765,0.0,135.2563114450461,0.0033768,135.2563114450461,135.2563114450461,0,"{'load': 1, 'battery': 1}",0,0.016884,2,0,0,0,0,"{'solar': 1, 'wind': 0, 'generator': 0}",285.0,0.0603,38.7,0.6
1201,-185.05538545156492,0.0,185.05538545156492,0.0,308.4256424192749,0.0,308.4256424192749,308.4256424192749,0,"{'load': 1, 'battery': 1}",0,0.0,0,0,0,0,0,"{'solar': 0, 'wind': 0, 'generator': 0}",285.0,1.8552,6.8759999999999994,0.6
1202,-149.55227826531578,5.628096599999999,151.42831046531577,0.0,252.38051744219297,7.5041288,252.38051744219297,252.38051744219297,0,"{'load': 1, 'battery': 1}",0,37.520644,2,0,0,0,0,"{'solar': 1, 'wind': 0, 'generator': 0}",285.0,134.0023,11.520000000000001,0.6
1203,-149.2922450309101,10.7814588,138.5107862309101,0.0,230.8513103848502,0.0,302.7277023848502,302.7277023848502,0,"{'load': 1, 'battery': 1}",0,71.876392,0,0,0,0,0,"{'solar': 1, 'wind': 0, 'generator': 0}",285.0,256.7014,15.984000000000002,0.6
1204,-473.36240656557845,0.0008778000000000001,473.3626991655784,0.0,525.9585546284205,0.0011704,525.9585546284205,525.9585546284205,0,"{'load': 1, 'battery': 1}",0,0.005852,2,0,0,0,0,"{'solar': 1, 'wind': 0, 'generator': 0}",285.0,0.0209,20.304,0.8999999999999999
1205,-191.09506886485798,0.0,191.09506886485798,0.0,318.49178144142996,0.0,318.49178144142996,318.49178144142996,0,"{'load': 1, 'battery': 1}",0,0.0,2,0,0,0,0,"{'solar': 0, 'wind': 0, 'generator': 0}",285.0,0.0587,8.604000000000001,0.6
1206,-146.1377841214332,0.0033137999999999996,146.1344703214332,0.0,243.55745053572204,0.0,243.57954253572203,243.57954253572203,0,"{'load': 1, 'battery': 1}",0,0.022091999999999997,0,0,0,0,0,"{'solar': 1, 'wind': 0, 'generator': 0}",285.0,0.0789,14.544,0.6
1207,-287.87712264999954,0.05885460000000001,287.8967408499995,0.0,479.82790141666584,0.07847280000000001,479.82790141666584,479.82790141666584,0,"{'load': 1, 'battery': 1}",0,0.39236400000000005,2,0,0,0,0,"{'solar': 1, 'wind': 0, 'generator': 0}",285.0,1.4013,11.088000000000001,0.6
1208,-161.86011961207734,0.0,161.86011961207734,0.0,269.76686602012893,0.0,269.76686602012893,269.76686602012893,0,"{'load': 1, 'battery': 1}",0,0.0,1,0,0,0,0,"{'solar': 0, 'wind': 0, 'generator': 0}",285.0,473.2874,15.192,0.6
1209,-134.11257096761577,16.2114036,117.90116736761577,0.0,196.50194561269296,0.0,304.577969612693,304.577969612693,0,"{'load': 1, 'battery': 0}",0,108.076024,0,0,0,0,0,"{'solar': 1, 'wind': 0, 'generator': 0}",285.0,385.9858,20.88,0.6
1210,-739.7302094832844,0.0020454,739.7281640832844,270.0,551.9201823147605,0.0,551.9338183147605,551.9338183147605,0,"{'load': 1, 'battery': 0}",0,0.013636000000000002,0,0,0,0,0,"{'solar': 1, 'wind': 0, 'generator': 0}",285.0,0.0487,14.76,0.8999999999999999
1211,-203.02257848983976,0.003498533333333333,203.01907995650643,270.0,68.36513326084406,0.0,338.37790126084406,338.37790126084406,1,"{'load': 1, 'battery': 1}",1,0.012768,0,0,0,0,0,"{'solar': 1, 'wind': 0, 'generator': 0}",285.0,0.0456,19.404,0.6
1212,-161.985662855235,0.0,161.985662855235,0.0,269.976104758725,0.0,269.976104758725,269.976104758725,0,"{'load': 1, 'battery': 1}",0,0.0,2,0,0,0,0,"{'solar': 0, 'wind': 0, 'generator': 0}",285.0,0.0155,27.072,0.6
1213,-312.48978698711346,0.05786566214938272,312.4319213249641,0.0,520.7198688749402,0.0,520.7198688749402,520.7198688749402,0,"{'load': 1, 'battery': 1}",0,0.38575600000000004,1,0,0,0,0,"{'solar': 1, 'wind': 0, 'generator': 0}",285.0,1.3777,13.104000000000001,0.6
1214,-182.17066291454694,0.0,182.17066291454694,0.0,303.6177715242449,0.0,303.6177715242449,303.6177715242449,0,"{'load': 1, 'battery': 1}",0,0.0,0,0,0,0,0,"{'solar': 0, 'wind': 0, 'generator': 0}",285.0,233.7449,24.804,0.6
1215,-107.72651694449168,19.681187400000002,88.04532954449168,0.0,146.74221590748613,0.0,277.95013190748614,277.95013190748614,0,"{'load': 1, 'battery': 1}",0,131.207916,0,0,0,0,0,"{'solar': 1, 'wind': 0, 'generator': 0}",285.0,468.5997,15.947999999999999,0.6
1216,-480.0690164879822,0.0,480.0690164879822,0.0,533.4100183199803,0.0,533.4100183199803,533.4100183199803,0,"{'load': 1, 'battery': 1}",0,0.0,2,0,0,0,0,"{'solar': 0, 'wind': 0, 'generator': 0}",285.0,0.0734,53.496,0.8999999999999999
1217,-233.53235063137834,0.003044933333333333,233.529305698045,270.0,119.21550949674167,0.0,389.2252534967417,389.2252534967417,1,"{'load': 1, 'battery': 1}",1,0.009744,0,0,0,0,0,"{'solar': 1, 'wind': 0, 'generator': 0}",285.0,0.0348,47.519999999999996,0.6
1218,-134.53329487550272,0.0018186,134.5314762755027,0.0,224.21912712583787,0.0,224.23125112583787,224.23125112583787,0,"{'load': 1, 'battery': 1}",0,0.012124000000000001,0,0,0,0,0,"{'solar': 1, 'wind': 0, 'generator': 0}",285.0,0.0433,17.352,0.6
1219,-284.12207872858795,0.0,284.12207872858795,0.0,473.5367978809799,0.0,473.5367978809799,473.5367978809799,0,"{'load': 1, 'battery': 1}",0,0.0,1,0,0,0,0,"{'solar': 0, 'wind': 0, 'generator': 0}",285.0,3.4531,9.9,0.6
1220,-18.519711511779054,0.0,18.519711511779054,0.0,30.86618585296509,0.0,300.8661858529651,300.8661858529651,1,"{'load': 1, 'battery': 0}",1,0.0,2,0,0,0,0,"{'solar': 0, 'wind': 0, 'generator': 0}",15.0,611.5236,40.14,0.6
1221,-86.62003298431867,24.5916342,62.02839878431866,0.0,103.38066464053111,0.0,267.3248926405311,267.3248926405311,0,"{'load': 1, 'battery': 1}",0,163.944228,0,0,0,0,0,"{'solar': 1, 'wind': 0, 'generator': 0}",285.0,585.5151,8.712,0.6
1222,-483.6360357348302,0.0021084,483.6367385348302,0.0,537.3741539275892,0.0028112000000000002,537.3741539275892,537.3741539275892,0,"{'load': 1, 'battery': 1}",0,0.014056,2,0,0,0,0,"{'solar': 1, 'wind': 0, 'generator': 0}",285.0,0.0502,5.9399999999999995,0.8999999999999999
1223,-186.91002425297523,0.0017850000000000003,186.90823925297522,0.0,311.51373208829204,0.0,311.52563208829207,311.52563208829207,0,"{'load': 1, 'battery': 1}",0,0.011900000000000003,0,0,0,0,0,"{'solar': 1, 'wind': 0, 'generator': 0}",285.0,0.0425,14.004000000000001,0.6
1224,-98.23637411091116,0.0,98.23637411091116,0.0,163.72729018485194,0.0,163.72729018485194,163.72729018485194,0,"{'load': 1, 'battery': 1}",0,0.0,0,0,0,0,0,"{'solar': 0, 'wind': 0, 'generator': 0}",285.0,0.01,14.904,0.6
1225,-262.8437620708537,0.0,262.8437620708537,0.0,438.07293678475617,0.0,438.07293678475617,438.07293678475617,0,"{'load': 1, 'battery': 1}",0,0.0,0,0,0,0,0,"{'solar': 0, 'wind': 0, 'generator': 0}",285.0,29.779,15.588000000000001,0.6
1226,-52.177598371567626,31.3767216,20.800876771567623,0.0,34.66812795261271,0.0,243.8462719526127,243.8462719526127,0,"{'load': 1, 'battery': 1}",0,209.178144,0,0,0,0,0,"{'solar': 1, 'wind': 0, 'generator': 0}",285.0,747.0648,5.760000000000001,0.6
1227,-105.07014802576046,28.019945576745066,77.05020244901539,59.168666,69.24833808169231,0.0,256.04566208169234,256.04566208169234,0,"{'load': 1, 'battery': 1}",0,186.79732400000003,0,0,0,0,0,"{'solar': 1, 'wind': 0, 'generator': 0}",285.0,667.1333,22.824,0.6
1228,-412.3973796999568,0.0270144,412.3703652999568,0.0,458.1892947777298,0.0,458.3693907777298,458.3693907777298,0,"{'load': 1, 'battery': 1}",0,0.180096,0,0,0,0,0,"{'solar': 1, 'wind': 0, 'generator': 0}",285.0,0.6432,9.432,0.8999999999999999
1229,-181.40852908033617,0.0027931091913580247,181.40573597114482,0.0,302.34289328524136,0.0,302.34289328524136,302.34289328524136,0,"{'load': 1, 'battery': 1}",0,0.01862,1,0,0,0,0,"{'solar': 1, 'wind': 0, 'generator': 0}",285.0,0.0665,14.868,0.6
1230,-94.16462593612916,0.0,94.16462593612916,0.0,156.94104322688193,0.0,156.94104322688193,156.94104322688193,0,"{'load': 1, 'battery': 1}",0,0.0,0,0,0,0,0,"{'solar': 1, 'wind': 0, 'generator': 0}",285.0,0.0,18.936,0.6
1231,-152.72804481027836,3.2436431999999997,149.48440161027835,0.0,249.14066935046392,0.0,270.76495735046393,270.76495735046393,0,"{'load': 1, 'battery': 1}",0,21.624288,0,0,0,0,0,"{'solar': 1, 'wind': 0, 'generator': 0}",285.0,77.2296,13.895999999999999,0.6
1232,-43.65478226313203,35.146146,8.508636263132024,0.0,14.181060438553374,0.0,248.4887004385534,248.4887004385534,0,"{'load': 1, 'battery': 0}",0,234.30764000000002,0,0,0,0,0,"{'solar': 1, 'wind': 0, 'generator': 0}",285.0,836.813,11.196,0.6
1233,-79.47139348321201,30.004430400000004,49.466963083212015,0.0,82.44493847202003,0.0,282.47447447202006,282.47447447202006,0,"{'load': 1, 'battery': 0}",0,200.02953600000004,0,0,0,0,0,"{'solar': 1, 'wind': 0, 'generator': 0}",285.0,714.3912,14.76,0.6
1234,-413.4352793352651,0.2708748,413.1644045352651,0.0,459.071560594739,0.0,460.87739259473904,460.87739259473904,0,"{'load': 1, 'battery': 1}",0,1.805832,0,0,0,0,0,"{'solar': 1, 'wind': 0, 'generator': 0}",285.0,6.4494,23.003999999999998,0.8999999999999999
1235,-114.28788908709355,0.0,114.28788908709355,0.0,190.47981514515592,0.0,190.47981514515592,190.47981514515592,0,"{'load': 1, 'battery': 1}",0,0.0,2,0,0,0,0,"{'solar': 0, 'wind': 0, 'generator': 0}",285.0,0.0,18.036,0.6
1236,-84.37054603733222,0.0,84.37054603733222,0.0,140.61757672888703,0.0,140.61757672888703,140.61757672888703,0,"{'load': 1, 'battery': 1}",0,0.0,1,0,0,0,0,"{'solar': 0, 'wind': 0, 'generator': 0}",285.0,0.0,4.212,0.6
1237,-140.35064389387585,9.164395800000001,131.18624809387586,0.0,218.64374682312643,0.0,279.73971882312645,279.73971882312645,0,"{'load': 1, 'battery': 1}",0,61.09597200000001,0,0,0,0,0,"{'solar': 1, 'wind': 0, 'generator': 0}",285.0,218.1999,3.6,0.6
1238,-476.7441623611099,0.0,476.7441623611099,0.0,250.91798019005785,0.0,250.91798019005785,250.91798019005785,0,"{'load': 1, 'battery': 1}",0,0.0,0,0,0,0,0,"{'solar': 0, 'wind': 0, 'generator': 0}",285.0,948.6436,9.972,1.9
1239,-596.7326815436459,31.569753599999995,565.1629279436459,0.0,161.4751222696131,0.0,371.9401462696131,371.9401462696131,0,"{'load': 1, 'battery': 0}",0,210.46502399999997,0,0,0,0,0,"{'solar': 1, 'wind': 0, 'generator': 0}",285.0,751.6608,8.64,3.5
1240,-887.9432483399329,1.3095641999999998,886.6336841399329,0.0,466.64930744207,0.0,475.37973544207,475.37973544207,0,"{'load': 1, 'battery': 1}",0,8.730428,0,0,0,0,0,"{'solar': 1, 'wind': 0, 'generator': 0}",285.0,31.1801,10.44,1.9
1241,-345.6584573552365,0.002263734663333333,345.65619362057316,269.9956908,306.0979652342887,0.0,215.86121552636413,270.0,1,"{'load': 1, 'battery': 1}",1,0.004536,1,0,0,0,0,"{'solar': 1, 'wind': 0, 'generator': 0}",285.0,0.0162,19.476000000000003,0.6
1242,-87.2859208628796,0.0078246,87.2780962628796,0.0,145.463493771466,0.0,145.515657771466,145.515657771466,0,"{'load': 1, 'battery': 0}",0,0.052164,0,0,0,0,0,"{'solar': 1, 'wind': 0, 'generator': 0}",285.0,0.1863,18.144000000000002,0.6
1243,-322.51667895222647,0.001570321623148148,322.5151086306033,267.781161,269.74402005100563,0.0,269.74402005100563,269.74402005100563,0,"{'load': 1, 'battery': 1}",0,0.0,1,0,0,0,0,"{'solar': 0, 'wind': 0, 'generator': 0}",285.0,34.6031,8.784,0.6
1244,-407.71609705049013,0.0,407.71609705049013,0.0,214.58741950025797,0.0,214.58741950025797,214.58741950025797,0,"{'load': 1, 'battery': 0}",0,0.0,0,0,0,0,0,"{'solar': 0, 'wind': 0, 'generator': 0}",285.0,923.4333,6.12,1.9
1245,-1482.001965738134,0.0,1482.001965738134,0.0,423.42913306803825,0.0,423.42913306803825,423.42913306803825,0,"{'load': 1, 'battery': 1}",0,0.0,1,0,0,0,0,"{'solar': 0, 'wind': 0, 'generator': 0}",285.0,799.7841,26.712,3.5
1246,-949.8812472781361,0.0,949.8812472781361,0.0,499.9374985674401,0.0,499.9374985674401,499.9374985674401,0,"{'load': 1, 'battery': 1}",0,0.0,0,0,0,0,0,"{'solar': 0, 'wind': 0, 'generator': 0}",285.0,20.1963,13.32,1.9
1247,-138.42626801309703,0.0,138.42626801309703,0.0,230.71044668849507,0.0,230.71044668849507,230.71044668849507,0,"{'load': 1, 'battery': 1}",0,0.0,0,0,0,0,0,"{'solar': 0, 'wind': 0, 'generator': 0}",285.0,0.051,5.58,0.6
1248,-92.96550746921515,0.0,92.96550746921515,0.0,154.94251244869193,0.0,154.94251244869193,154.94251244869193,0,"{'load': 1, 'battery': 0}",0,0.0,0,0,0,0,0,"{'solar': 1, 'wind': 0, 'generator': 0}",285.0,0.0,8.928,0.6
1249,-146.61660511018306,8.779214091219998,137.83739101896305,214.4084472,15.320537831605066,0.0,285.32053783160507,285.32053783160507,1,"{'load': 1, 'battery': 1}",1,58.517424,1,0,0,0,0,"{'solar': 1, 'wind': 0, 'generator': 0}",285.0,208.9908,11.268,0.6
1250,-632.7207392048506,0.0,632.7207392048506,0.0,333.01091537097403,0.0,333.01091537097403,333.01091537097403,0,"{'load': 1, 'battery': 1}",0,0.0,0,0,0,0,0,"{'solar': 0, 'wind': 0, 'generator': 0}",285.0,912.7055,6.156,1.9
1251,-966.9298298383402,32.4540552,934.4757746383402,0.0,266.9930784680972,0.0,483.3534464680972,483.3534464680972,0,"{'load': 1, 'battery': 1}",0,216.36036800000002,0,0,0,0,0,"{'solar': 1, 'wind': 0, 'generator': 0}",285.0,772.7156,2.4120000000000004,3.5
1252,-1009.4145507679591,2.2537998000000004,1007.1607509679591,0.0,530.0846057726101,0.0,545.1099377726101,545.1099377726101,0,"{'load': 1, 'battery': 1}",0,15.025332000000002,0,0,0,0,0,"{'solar': 1, 'wind': 0, 'generator': 0}",285.0,53.6619,2.8080000000000003,1.9
1253,-161.97273377078452,0.0008106316901234569,161.9719231390944,0.0,269.95320523182403,0.0,269.95320523182403,269.95320523182403,0,"{'load': 1, 'battery': 1}",0,0.005404000000000001,1,0,0,0,0,"{'solar': 1, 'wind': 0, 'generator': 0}",285.0,0.0193,14.508000000000001,0.6
1254,-107.92244875213194,0.0016884,107.92301155213194,0.0,179.8716859202199,0.0022512,179.8716859202199,179.8716859202199,0,"{'load': 1, 'battery': 1}",0,0.011256,2,0,0,0,0,"{'solar': 1, 'wind': 0, 'generator': 0}",285.0,0.0402,4.752000000000001,0.6
1255,-179.9669502727457,0.0,179.9669502727457,0.0,299.94491712124284,0.0,299.94491712124284,299.94491712124284,0,"{'load': 1, 'battery': 1}",0,0.0,0,0,0,0,0,"{'solar': 0, 'wind': 0, 'generator': 0}",285.0,101.5396,1.512,0.6
1256,-728.8998825499683,0.0,728.8998825499683,0.0,383.6315171315623,0.0,383.6315171315623,383.6315171315623,0,"{'load': 1, 'battery': 1}",0,0.0,0,0,0,0,0,"{'solar': 0, 'wind': 0, 'generator': 0}",285.0,566.3616,9.828,1.9
1257,-1875.1661085160076,32.6828124,1886.0603793160076,0.0,538.8743940902879,43.577083200000004,538.8743940902879,538.8743940902879,0,"{'load': 1, 'battery': 1}",0,217.88541600000002,2,0,0,0,0,"{'solar': 1, 'wind': 0, 'generator': 0}",285.0,778.1622,13.572000000000001,3.5
1258,-1097.7430073959642,0.0015833333333333333,1097.7414240626308,270.0,307.7586442434899,0.0,577.7586442434899,577.7586442434899,1,"{'load': 1, 'battery': 1}",1,0.0,1,0,0,0,0,"{'solar': 0, 'wind': 0, 'generator': 0}",285.0,56.8577,20.232,1.9
1259,-167.97086643704588,0.0010038,167.9712010370459,0.0,279.9520017284098,0.0013384,279.9520017284098,279.9520017284098,0,"{'load': 1, 'battery': 1}",0,0.006692,2,0,0,0,0,"{'solar': 1, 'wind': 0, 'generator': 0}",285.0,0.0239,4.788,0.6
1260,-106.71388923668222,0.0,106.71388923668222,0.0,177.85648206113703,0.0,177.85648206113703,177.85648206113703,0,"{'load': 1, 'battery': 1}",0,0.0,0,0,0,0,0,"{'solar': 0, 'wind': 0, 'generator': 0}",285.0,0.0958,6.5520000000000005,0.6
1261,-175.87373232055845,2.4862866,173.38744572055845,0.0,288.97907620093076,0.0,305.55432020093076,305.55432020093076,0,"{'load': 1, 'battery': 1}",0,16.575244,0,0,0,0,0,"{'solar': 1, 'wind': 0, 'generator': 0}",285.0,59.1973,0.36000000000000004,0.6
1262,-722.8975641592156,0.0,722.8975641592156,0.0,380.47240218906086,0.0,380.47240218906086,380.47240218906086,0,"{'load': 1, 'battery': 1}",0,0.0,0,0,0,0,0,"{'solar': 0, 'wind': 0, 'generator': 0}",285.0,846.763,11.484,1.9
1263,-890.3088691088932,30.9341424,859.3747267088931,0.0,245.5356362025409,0.0,451.7632522025409,451.7632522025409,0,"{'load': 1, 'battery': 1}",0,206.227616,0,0,0,0,0,"{'solar': 1, 'wind': 0, 'generator': 0}",285.0,736.5272,21.240000000000002,3.5
1264,-1127.3466477902539,0.6268752000000001,1126.7197725902538,0.0,593.0104066264494,0.0,597.1895746264494,597.1895746264494,0,"{'load': 1, 'battery': 1}",0,4.179168000000001,0,0,0,0,0,"{'solar': 1, 'wind': 0, 'generator': 0}",285.0,14.9256,5.148,1.9
1265,-158.48204550983868,0.0,158.48204550983868,0.0,264.1367425163978,0.0,264.1367425163978,264.1367425163978,0,"{'load': 1, 'battery': 1}",0,0.0,1,0,0,0,0,"{'solar': 0, 'wind': 0, 'generator': 0}",285.0,0.0286,6.444,0.6
1266,-269.9893199892253,0.0033347333333333335,269.98598525589193,270.0,179.97664209315326,0.0,173.91592744549925,270.011676,1,"{'load': 1, 'battery': 1}",1,0.011676000000000002,0,0,0,0,0,"{'solar': 1, 'wind': 0, 'generator': 0}",285.0,0.0417,6.84,0.6
1267,-184.79981675680645,0.0,184.79981675680645,0.0,307.9996945946774,0.0,307.9996945946774,307.9996945946774,0,"{'load': 1, 'battery': 1}",0,0.0,0,0,0,0,0,"{'solar': 0, 'wind': 0, 'generator': 0}",285.0,30.5633,6.8759999999999994,0.6
1268,-484.91931935310333,18.5600394,466.35927995310334,0.0,245.4522526068965,0.0,369.1858486068965,369.1858486068965,0,"{'load': 1, 'battery': 0}",0,123.733596,0,0,0,0,0,"{'solar': 1, 'wind': 0, 'generator': 0}",285.0,441.9057,5.184,1.9
1269,-1064.9928143011323,27.087849600000002,1037.9049647011323,0.0,296.5442756288949,0.0,477.12993962889493,477.12993962889493,0,"{'load': 1, 'battery': 1}",0,180.585664,0,0,0,0,0,"{'solar': 1, 'wind': 0, 'generator': 0}",285.0,644.9488,10.404,3.5
1270,-1105.0130562417808,0.019870976818518522,1104.9931852649622,0.0,581.5753606657696,0.0,581.5753606657696,581.5753606657696,0,"{'load': 1, 'battery': 1}",0,0.13246800000000003,1,0,0,0,0,"{'solar': 1, 'wind': 0, 'generator': 0}",285.0,0.4731,9.288,1.9
1271,-146.96982686005674,0.0,146.96982686005674,0.0,244.9497114334279,0.0,244.9497114334279,244.9497114334279,0,"{'load': 1, 'battery': 1}",0,0.0,0,0,0,0,0,"{'solar': 0, 'wind': 0, 'generator': 0}",285.0,0.0386,12.78,0.6
1272,-91.14271778047979,0.0,91.14271778047979,0.0,151.90452963413298,0.0,151.90452963413298,151.90452963413298,0,"{'load': 1, 'battery': 1}",0,0.0,0,0,0,0,0,"{'solar': 0, 'wind': 0, 'generator': 0}",285.0,0.0618,13.428,0.6
1273,-171.63013539765151,3.5405326104728396,168.08960278717868,0.0,280.14933797863114,0.0,280.14933797863114,280.14933797863114,0,"{'load': 1, 'battery': 1}",0,23.602628000000003,1,0,0,0,0,"{'solar': 1, 'wind': 0, 'generator': 0}",285.0,84.2951,12.78,0.6
1274,-401.26476049889,32.75426226636667,68.51049823252332,0.0,114.18416372087219,0.0,313.071237919322,0.0,0,"{'load': 0, 'battery': 1}",0,218.35321200000004,1,0,0,0,0,"{'solar': 1, 'wind': 0, 'generator': 0}",285.0,779.8329,7.416,0.6
1275,-244.72378227257204,0.0015833333333333333,244.7221989392387,270.0,137.87033156539786,0.0,407.87033156539786,407.87033156539786,1,"{'load': 1, 'battery': 1}",1,0.0,0,0,0,0,0,"{'solar': 0, 'wind': 0, 'generator': 0}",285.0,538.7622,25.2,0.6
1276,-493.5271594828321,0.0,493.5271594828321,0.0,548.3635105364801,0.0,548.3635105364801,548.3635105364801,0,"{'load': 1, 'battery': 1}",0,0.0,1,0,0,0,0,"{'solar': 0, 'wind': 0, 'generator': 0}",285.0,0.0216,24.840000000000003,0.8999999999999999
1277,-122.726365224399,0.002692200000000001,122.723673024399,0.0,204.53945504066502,0.0,204.557403040665,204.557403040665,0,"{'load': 1, 'battery': 1}",0,0.017948000000000006,0,0,0,0,0,"{'solar': 1, 'wind': 0, 'generator': 0}",285.0,0.0641,11.16,0.6
1278,-84.13202983714612,0.0027888,84.12924103714612,0.0,140.21540172857686,0.0,140.23399372857688,140.23399372857688,0,"{'load': 1, 'battery': 1}",0,0.018592,0,0,0,0,0,"{'solar': 1, 'wind': 0, 'generator': 0}",285.0,0.0664,1.836,0.6
1279,-183.452233486643,0.0,183.452233486643,0.0,305.75372247773834,0.0,305.75372247773834,305.75372247773834,0,"{'load': 1, 'battery': 1}",0,0.0,2,0,0,0,0,"{'solar': 0, 'wind': 0, 'generator': 0}",285.0,45.4144,24.084000000000003,0.6
1280,-183.38313827036998,26.03043781107778,157.3527004592922,0.0,262.254500765487,0.0,262.254500765487,262.254500765487,0,"{'load': 1, 'battery': 1}",0,173.529468,1,0,0,0,0,"{'solar': 1, 'wind': 0, 'generator': 0}",285.0,619.7481,13.968,0.6
1281,-183.4724878510007,0.0,183.4724878510007,0.0,305.78747975166783,0.0,305.78747975166783,305.78747975166783,0,"{'load': 1, 'battery': 1}",0,0.0,0,0,0,0,0,"{'solar': 0, 'wind': 0, 'generator': 0}",285.0,430.5179,21.744,0.6
1282,-454.76009987754315,0.00042000000000000007,454.75967987754314,0.0,505.2885331972702,0.0,505.2913331972702,505.2913331972702,0,"{'load': 1, 'battery': 1}",0,0.0028000000000000004,0,0,0,0,0,"{'solar': 1, 'wind': 0, 'generator': 0}",285.0,0.01,17.208000000000002,0.8999999999999999
1283,-159.56347052904422,9.66e-05,159.56337392904422,0.0,265.938956548407,0.0,265.93960054840704,265.93960054840704,0,"{'load': 1, 'battery': 0}",0,0.000644,0,0,0,0,0,"{'solar': 1, 'wind': 0, 'generator': 0}",285.0,0.0023,19.224,0.6
1284,-81.07847505073376,0.0036372,81.07483785073376,0.0,135.12472975122293,0.0,135.14897775122293,135.14897775122293,0,"{'load': 1, 'battery': 0}",0,0.024248000000000002,0,0,0,0,0,"{'solar': 1, 'wind': 0, 'generator': 0}",285.0,0.0866,11.988000000000001,0.6
1285,-177.01102112824552,0.0,177.01102112824552,0.0,295.01836854707585,0.0,295.01836854707585,295.01836854707585,0,"{'load': 1, 'battery': 0}",0,0.0,1,0,0,0,0,"{'solar': 0, 'wind': 0, 'generator': 0}",285.0,3.9676,18.720000000000002,0.6
1286,-161.27902783590238,0.0,161.27902783590238,0.0,268.798379726504,0.0,268.798379726504,268.798379726504,0,"{'load': 1, 'battery': 1}",0,0.0,0,0,0,0,0,"{'solar': 0, 'wind': 0, 'generator': 0}",285.0,508.1731,46.62,0.6
1287,-174.99715182444876,16.235219865688396,158.76193195876036,167.1871696,97.41605033126729,0.0,262.7973018458267,270.0,1,"{'load': 1, 'battery': 1}",1,108.22403200000001,1,0,0,0,0,"{'solar': 1, 'wind': 0, 'generator': 0}",285.0,386.5144,39.06,0.6
1288,-439.5802739436632,0.0,439.5802739436632,0.0,488.4225266040703,0.0,488.4225266040703,488.4225266040703,0,"{'load': 1, 'battery': 1}",0,0.0,0,0,0,0,0,"{'solar': 0, 'wind': 0, 'generator': 0}",285.0,0.024,21.168,0.8999999999999999
1289,-176.08669772298046,0.0024654000000000004,176.08423232298045,0.0,293.47372053830077,0.0,293.49015653830077,293.49015653830077,0,"{'load': 1, 'battery': 1}",0,0.016436000000000003,0,0,0,0,0,"{'solar': 1, 'wind': 0, 'generator': 0}",285.0,0.0587,7.884,0.6
1290,-124.38402987833523,0.0,124.38402987833523,0.0,207.30671646389206,0.0,207.30671646389206,207.30671646389206,0,"{'load': 1, 'battery': 1}",0,0.0,2,0,0,0,0,"{'solar': 0, 'wind': 0, 'generator': 0}",285.0,0.0626,15.515999999999998,0.6
1291,-269.34425623331293,0.08809424387901234,269.2561619894339,0.0,448.7602699823899,0.0,448.7602699823899,448.7602699823899,0,"{'load': 1, 'battery': 0}",0,0.587272,1,0,0,0,0,"{'solar': 1, 'wind': 0, 'generator': 0}",285.0,2.0974,23.364,0.6
1292,-156.66879016326905,8.8162242,147.85256596326906,0.0,246.4209432721151,0.0,305.1957712721151,305.1957712721151,0,"{'load': 1, 'battery': 1}",0,58.77482800000001,0,0,0,0,0,"{'solar': 1, 'wind': 0, 'generator': 0}",285.0,209.9101,7.956,0.6
1293,-168.85601088035855,13.6021998,173.39007748035857,0.0,288.9834624672643,18.1362664,288.9834624672643,288.9834624672643,0,"{'load': 1, 'battery': 1}",0,90.681332,2,0,0,0,0,"{'solar': 1, 'wind': 0, 'generator': 0}",285.0,323.8619,9.576,0.6
1294,-422.93518831044025,0.0,422.93518831044025,0.0,469.92798701160035,0.0,469.92798701160035,469.92798701160035,0,"{'load': 1, 'battery': 1}",0,0.0,1,0,0,0,0,"{'solar': 0, 'wind': 0, 'generator': 0}",285.0,0.0263,4.86,0.8999999999999999
1295,-300.0042,0.0042,0.0,0.0,0.0,0.0,34.0,0.0,0,"{'load': 0, 'battery': 0}",0,0.028,0,0,0,0,0,"{'solar': 0, 'wind': 0, 'generator': 0}",15.0,0.1,40.0,0.6
1296,-173.53586278530602,0.0029862,173.53685818530602,0.0,289.22809697551,0.003981600000000001,289.22809697551,289.22809697551,0,"{'load': 1, 'battery': 1}",0,0.019908000000000002,2,0,0,0,0,"{'solar': 1, 'wind': 0, 'generator': 0}",285.0,0.0711,3.3120000000000003,0.6
1297,-308.337348395532,0.029757,308.307591395532,0.0,513.84598565922,0.0,514.04436565922,514.04436565922,0,"{'load': 1, 'battery': 1}",0,0.19838,0,0,0,0,0,"{'solar': 1, 'wind': 0, 'generator': 0}",285.0,0.7085,4.212,0.6
1298,-215.429263180146,0.0,215.429263180146,0.0,359.04877196691,0.0,359.04877196691,359.04877196691,0,"{'load': 1, 'battery': 1}",0,0.0,0,0,0,0,0,"{'solar': 0, 'wind': 0, 'generator': 0}",285.0,428.2502,13.392000000000001,0.6
1299,-179.9860030354001,15.462888,185.14029903540012,0.0,308.5671650590002,20.617184,308.5671650590002,308.5671650590002,0,"{'load': 1, 'battery': 1}",0,103.08592,2,0,0,0,0,"{'solar': 1, 'wind': 0, 'generator': 0}",285.0,368.164,15.408000000000001,0.6
1300,-489.5411584939603,0.0007770303765432098,489.5403814635838,0.0,543.9337571817598,0.0,543.9337571817598,543.9337571817598,0,"{'load': 1, 'battery': 1}",0,0.00518,1,0,0,0,0,"{'solar': 1, 'wind': 0, 'generator': 0}",285.0,0.0185,25.776,0.8999999999999999
1301,-179.71743631987488,0.0032717333333333334,179.71416458654156,270.0,29.523607644235938,0.0,299.53486364423594,299.53486364423594,1,"{'load': 1, 'battery': 1}",1,0.011256,0,0,0,0,0,"{'solar': 1, 'wind': 0, 'generator': 0}",285.0,0.0402,22.968,0.6
1302,-146.98196775085862,0.0,146.98196775085862,0.0,244.96994625143103,0.0,244.96994625143103,244.96994625143103,0,"{'load': 1, 'battery': 1}",0,0.0,1,0,0,0,0,"{'solar': 0, 'wind': 0, 'generator': 0}",285.0,0.0773,24.48,0.6
1303,-317.1798495457697,0.0,317.1798495457697,0.0,528.6330825762828,0.0,528.6330825762828,528.6330825762828,0,"{'load': 1, 'battery': 1}",0,0.0,1,0,0,0,0,"{'solar': 0, 'wind': 0, 'generator': 0}",285.0,1.3985,27.684,0.6
1304,-350.1335940100951,0.0015833333333333333,350.1320106767618,270.0,313.55335112793637,0.0,313.55335112793637,313.55335112793637,0,"{'load': 1, 'battery': 1}",0,0.0,1,0,0,0,0,"{'solar': 0, 'wind': 0, 'generator': 0}",285.0,610.6164,6.6240000000000006,0.6
1305,-113.85746658017939,22.0807608,91.7767057801794,0.0,152.961176300299,0.0,300.166248300299,300.166248300299,0,"{'load': 1, 'battery': 1}",0,147.205072,0,0,0,0,0,"{'solar': 1, 'wind': 0, 'generator': 0}",285.0,525.7324,13.068,0.6
1306,-457.62673602927634,0.0,457.62673602927634,0.0,508.4741511436404,0.0,508.4741511436404,508.4741511436404,0,"{'load': 1, 'battery': 1}",0,0.0,0,0,0,0,0,"{'solar': 0, 'wind': 0, 'generator': 0}",285.0,0.0054,3.528,0.8999999999999999
1307,-172.53813716906032,0.0,172.53813716906032,0.0,287.56356194843386,0.0,287.56356194843386,287.56356194843386,0,"{'load': 1, 'battery': 1}",0,0.0,2,0,0,0,0,"{'solar': 0, 'wind': 0, 'generator': 0}",285.0,0.0858,13.212,0.6
1308,-108.94570830092403,0.0035365382543209875,108.9421717626697,0.0,181.57028627111617,0.0,181.57028627111617,181.57028627111617,0,"{'load': 1, 'battery': 1}",0,0.023576,1,0,0,0,0,"{'solar': 1, 'wind': 0, 'generator': 0}",285.0,0.0842,7.524,0.6
1309,-230.7829153213746,0.0,230.7829153213746,0.0,384.638192202291,0.0,384.638192202291,384.638192202291,0,"{'load': 1, 'battery': 1}",0,0.0,0,0,0,0,0,"{'solar': 0, 'wind': 0, 'generator': 0}",285.0,5.1691,3.204,0.6
1310,-168.86116581160198,0.0,168.86116581160198,0.0,281.43527635267,0.0,281.43527635267,281.43527635267,0,"{'load': 1, 'battery': 1}",0,0.0,1,0,0,0,0,"{'solar': 0, 'wind': 0, 'generator': 0}",285.0,521.9347,1.0080000000000002,0.6
1311,-155.4549881380213,23.174381999999994,163.1797821380213,0.0,271.96630356336885,30.899175999999997,271.96630356336885,271.96630356336885,0,"{'load': 1, 'battery': 1}",0,154.49587999999997,2,0,0,0,0,"{'solar': 1, 'wind': 0, 'generator': 0}",285.0,551.771,9.612,0.6
1312,-427.7878263115303,0.028606200000000002,427.7973617115303,0.0,475.3304019017004,0.038141600000000005,475.3304019017004,475.3304019017004,0,"{'load': 1, 'battery': 1}",0,0.19070800000000002,2,0,0,0,0,"{'solar': 1, 'wind': 0, 'generator': 0}",285.0,0.6811,19.944,0.8999999999999999
1313,-162.61512112917103,0.0,162.61512112917103,0.0,271.0252018819517,0.0,271.0252018819517,271.0252018819517,0,"{'load': 1, 'battery': 1}",0,0.0,1,0,0,0,0,"{'solar': 1, 'wind': 0, 'generator': 0}",285.0,0.0,4.392,0.6
1314,-128.53751428658808,0.0,128.53751428658808,0.0,214.22919047764682,0.0,214.22919047764682,214.22919047764682,0,"{'load': 1, 'battery': 0}",0,0.0,0,0,0,0,0,"{'solar': 0, 'wind': 0, 'generator': 0}",285.0,0.0657,7.524,0.6
1315,-193.2716308648523,0.567588,192.7040428648523,0.0,321.17340477475386,0.0,324.9573247747539,324.9573247747539,0,"{'load': 1, 'battery': 1}",0,3.78392,0,0,0,0,0,"{'solar': 1, 'wind': 0, 'generator': 0}",285.0,13.514,19.008000000000003,0.6
1316,-152.3897967840581,0.0,152.3897967840581,0.0,253.98299464009685,0.0,253.98299464009685,253.98299464009685,0,"{'load': 1, 'battery': 1}",0,0.0,0,0,0,0,0,"{'solar': 0, 'wind': 0, 'generator': 0}",285.0,796.5745,18.072,0.6
1317,-76.51121457443335,30.241533000000004,46.26968157443334,0.0,77.1161359573889,0.0,278.72635595738893,278.72635595738893,0,"{'load': 1, 'battery': 0}",0,201.61022000000003,0,0,0,0,0,"{'solar': 1, 'wind': 0, 'generator': 0}",285.0,720.0365,5.436,0.6
1318,-390.1201580644107,0.1498392,389.97031886441073,0.0,433.3003542937897,0.0,434.2992822937897,434.2992822937897,0,"{'load': 1, 'battery': 0}",0,0.9989280000000001,0,0,0,0,0,"{'solar': 1, 'wind': 0, 'generator': 0}",285.0,3.5676,22.896,0.8999999999999999
1319,-110.90586715639307,0.0,110.90586715639307,0.0,184.8431119273218,0.0,184.8431119273218,184.8431119273218,0,"{'load': 1, 'battery': 1}",0,0.0,0,0,0,0,0,"{'solar': 0, 'wind': 0, 'generator': 0}",285.0,0.0,18.18,0.6
1320,-84.31614500590314,0.0,84.31614500590314,0.0,140.5269083431719,0.0,140.5269083431719,140.5269083431719,0,"{'load': 1, 'battery': 0}",0,0.0,0,0,0,0,0,"{'solar': 0, 'wind': 0, 'generator': 0}",285.0,0.0572,22.788,0.6
1321,-161.44840092763795,0.0,161.44840092763795,0.0,269.0806682127299,0.0,269.0806682127299,269.0806682127299,0,"{'load': 1, 'battery': 1}",0,0.0,1,0,0,0,0,"{'solar': 0, 'wind': 0, 'generator': 0}",285.0,161.3,23.759999999999998,0.6
1322,-151.4020358505343,0.0,151.4020358505343,0.0,252.3367264175572,0.0,252.3367264175572,252.3367264175572,0,"{'load': 1, 'battery': 1}",0,0.0,1,0,0,0,0,"{'solar': 0, 'wind': 0, 'generator': 0}",285.0,775.5107,16.308,0.6
1323,-186.95387985295636,30.5795406,197.14706005295636,0.0,328.57843342159396,40.7727208,328.57843342159396,328.57843342159396,0,"{'load': 1, 'battery': 1}",0,203.863604,2,0,0,0,0,"{'solar': 1, 'wind': 0, 'generator': 0}",285.0,728.0843,9.0,0.6
1324,-808.434006857314,0.7067297999999999,807.727277057314,0.0,425.1196195038495,0.0,429.83115150384947,429.83115150384947,0,"{'load': 1, 'battery': 1}",0,4.711531999999999,0,0,0,0,0,"{'solar': 1, 'wind': 0, 'generator': 0}",285.0,16.8269,6.3,1.9
1325,-120.95978042351109,0.0,120.95978042351109,0.0,201.59963403918516,0.0,201.59963403918516,201.59963403918516,0,"{'load': 1, 'battery': 1}",0,0.0,0,0,0,0,0,"{'solar': 0, 'wind': 0, 'generator': 0}",285.0,0.0,1.8,0.6
1326,-87.33630074267158,0.007627200000000001,87.32867354267158,0.0,145.54778923778596,0.0,145.59863723778597,145.59863723778597,0,"{'load': 1, 'battery': 1}",0,0.050848000000000004,0,0,0,0,0,"{'solar': 1, 'wind': 0, 'generator': 0}",285.0,0.1816,2.2680000000000002,0.6
1327,-165.8991017364398,0.0,165.8991017364398,0.0,276.49850289406635,0.0,276.49850289406635,276.49850289406635,0,"{'load': 1, 'battery': 1}",0,0.0,2,0,0,0,0,"{'solar': 0, 'wind': 0, 'generator': 0}",285.0,277.1555,0.0,0.6
1328,-77.6547571928148,38.7996462,38.85511099281481,0.0,20.450058417270952,0.0,279.11436641727096,279.11436641727096,0,"{'load': 1, 'battery': 1}",0,258.664308,0,0,0,0,0,"{'solar': 1, 'wind': 0, 'generator': 0}",285.0,923.8011,26.28,1.9
1329,-682.1512477778508,31.1157966,651.0354511778509,0.0,186.01012890795738,0.0,393.4487729079574,393.4487729079574,0,"{'load': 1, 'battery': 1}",0,207.438644,0,0,0,0,0,"{'solar': 1, 'wind': 0, 'generator': 0}",285.0,740.8523,27.612000000000002,3.5
1330,-788.906086392978,1.0596474,787.8464389929779,0.0,414.65602052262,0.0,421.72033652262,421.72033652262,0,"{'load': 1, 'battery': 0}",0,7.064316000000001,0,0,0,0,0,"{'solar': 1, 'wind': 0, 'generator': 0}",285.0,25.2297,6.912,1.9
1331,-140.61455742412195,0.0,140.61455742412195,0.0,234.35759570686994,0.0,234.35759570686994,234.35759570686994,0,"{'load': 1, 'battery': 1}",0,0.0,0,0,0,0,0,"{'solar': 1, 'wind': 0, 'generator': 0}",285.0,0.0,10.368,0.6
1332,-92.24466499144502,0.0,92.24466499144502,0.0,153.74110831907504,0.0,153.74110831907504,153.74110831907504,0,"{'load': 1, 'battery': 1}",0,0.0,0,0,0,0,0,"{'solar': 1, 'wind': 0, 'generator': 0}",285.0,0.0,5.184,0.6
1333,-153.96563910253195,2.1948024000000004,151.77083670253194,0.0,252.9513945042199,0.0,267.5834105042199,267.5834105042199,0,"{'load': 1, 'battery': 1}",0,14.632016000000002,0,0,0,0,0,"{'solar': 1, 'wind': 0, 'generator': 0}",285.0,52.2572,7.776000000000001,0.6
1334,-610.3738919694331,0.0015833333333333333,610.3723086360998,270.0,51.24858349268413,0.0,321.24858349268413,321.24858349268413,1,"{'load': 1, 'battery': 1}",1,0.0,0,0,0,0,0,"{'solar': 0, 'wind': 0, 'generator': 0}",285.0,943.6839,26.64,1.9
1335,-910.8940028160188,32.914677600000005,877.9793252160188,0.0,250.85123577600535,0.0,470.2824197760054,470.2824197760054,0,"{'load': 1, 'battery': 1}",0,219.43118400000003,0,0,0,0,0,"{'solar': 1, 'wind': 0, 'generator': 0}",285.0,783.6828,8.352,3.5
1336,-993.6084219965586,0.0,993.6084219965586,0.0,522.9518010508203,0.0,522.9518010508203,522.9518010508203,0,"{'load': 1, 'battery': 1}",0,0.0,0,0,0,0,0,"{'solar': 0, 'wind': 0, 'generator': 0}",285.0,40.4329,7.668,1.9
1337,-152.00209816299792,0.0,152.00209816299792,0.0,253.33683027166322,0.0,253.33683027166322,253.33683027166322,0,"{'load': 1, 'battery': 1}",0,0.0,1,0,0,0,0,"{'solar': 0, 'wind': 0, 'generator': 0}",285.0,0.1298,7.596,0.6
1338,-98.87585610283487,0.0,98.87585610283487,0.0,164.7930935047248,0.0,164.7930935047248,164.7930935047248,0,"{'load': 1, 'battery': 1}",0,0.0,2,0,0,0,0,"{'solar': 0, 'wind': 0, 'generator': 0}",285.0,0.0857,0.36000000000000004,0.6
1339,-174.92162878659346,0.0,174.92162878659346,0.0,291.53604797765576,0.0,291.53604797765576,291.53604797765576,0,"{'load': 1, 'battery': 1}",0,0.0,1,0,0,0,0,"{'solar': 0, 'wind': 0, 'generator': 0}",285.0,68.6102,1.296,0.6
1340,-716.8608232128466,0.0,716.8608232128466,0.0,377.29517011202455,0.0,377.29517011202455,377.29517011202455,0,"{'load': 1, 'battery': 1}",0,0.0,0,0,0,0,0,"{'solar': 0, 'wind': 0, 'generator': 0}",285.0,915.6219,10.476,1.9
1341,-1125.171829309462,33.922076999999994,1091.249752309462,0.0,311.7856435169892,0.0,537.9328235169892,537.9328235169892,0,"{'load': 1, 'battery': 1}",0,226.14718,0,0,0,0,0,"{'solar': 1, 'wind': 0, 'generator': 0}",285.0,807.6685,5.688000000000001,3.5
1342,-1098.9752686571258,3.013773,1095.9614956571259,0.0,576.82183981954,0.0,596.9136598195399,596.9136598195399,0,"{'load': 1, 'battery': 1}",0,20.091820000000002,0,0,0,0,0,"{'solar': 1, 'wind': 0, 'generator': 0}",285.0,71.7565,12.564000000000002,1.9
1343,-170.21825457340898,0.0008736341530864197,170.2173809392559,0.0,283.6956348987598,0.0,283.6956348987598,283.6956348987598,0,"{'load': 1, 'battery': 1}",0,0.005824,1,0,0,0,0,"{'solar': 1, 'wind': 0, 'generator': 0}",285.0,0.0208,19.872,0.6
1344,-106.36985155030202,0.0,106.36985155030202,0.0,177.28308591717004,0.0,177.28308591717004,177.28308591717004,0,"{'load': 1, 'battery': 1}",0,0.0,0,0,0,0,0,"{'solar': 0, 'wind': 0, 'generator': 0}",285.0,0.061,25.128000000000004,0.6
1345,-174.88076779628233,0.0,174.88076779628233,0.0,291.4679463271372,0.0,291.4679463271372,291.4679463271372,0,"{'load': 1, 'battery': 1}",0,0.0,1,0,0,0,0,"{'solar': 0, 'wind': 0, 'generator': 0}",285.0,59.5652,1.296,0.6
1346,-719.1840860827865,0.0,719.1840860827865,0.0,378.51794004357185,0.0,378.51794004357185,378.51794004357185,0,"{'load': 1, 'battery': 1}",0,0.0,0,0,0,0,0,"{'solar': 0, 'wind': 0, 'generator': 0}",285.0,441.3814,4.86,1.9
1347,-1975.7694486113005,31.531569267480243,1944.2378793438202,0.0,555.4965369553772,0.0,555.4965369553772,555.4965369553772,0,"{'load': 1, 'battery': 1}",0,210.202244,1,0,0,0,0,"{'solar': 1, 'wind': 0, 'generator': 0}",285.0,750.7223,20.16,3.5
1348,-1121.5379510116913,0.9648659999999999,1120.5730850116913,0.0,589.7753079008902,0.0,596.2077479008902,596.2077479008902,0,"{'load': 1, 'battery': 1}",0,6.43244,0,0,0,0,0,"{'solar': 1, 'wind': 0, 'generator': 0}",285.0,22.973,2.4120000000000004,1.9
1349,-147.2679232026239,0.0022722000000000003,147.2686806026239,0.0,245.4478010043732,0.0030296000000000008,245.4478010043732,245.4478010043732,0,"{'load': 1, 'battery': 1}",0,0.015148000000000003,2,0,0,0,0,"{'solar': 1, 'wind': 0, 'generator': 0}",285.0,0.0541,29.340000000000003,0.6
1350,-97.33349920527235,0.0016547999999999999,97.33184440527235,0.0,162.21974067545392,0.0,162.23077267545392,162.23077267545392,0,"{'load': 1, 'battery': 1}",0,0.011032,0,0,0,0,0,"{'solar': 1, 'wind': 0, 'generator': 0}",285.0,0.0394,6.8759999999999994,0.6
1351,-176.95303901224364,0.0,176.95303901224364,0.0,294.92173168707274,0.0,294.92173168707274,294.92173168707274,0,"{'load': 1, 'battery': 1}",0,0.0,1,0,0,0,0,"{'solar': 0, 'wind': 0, 'generator': 0}",285.0,67.2948,10.08,0.6
1352,-764.4306864532192,0.0,764.4306864532192,0.0,402.33194023853645,0.0,402.33194023853645,402.33194023853645,0,"{'load': 1, 'battery': 1}",0,0.0,2,0,0,0,0,"{'solar': 0, 'wind': 0, 'generator': 0}",285.0,844.7752,24.984,1.9
1353,-1191.5695742407402,28.3002048,1163.26936944074,0.0,332.3626769830686,0.0,521.0307089830686,521.0307089830686,0,"{'load': 1, 'battery': 1}",0,188.668032,0,0,0,0,0,"{'solar': 1, 'wind': 0, 'generator': 0}",285.0,673.8144,5.472,3.5
1354,-1217.318981827405,0.08385207803950617,1217.2351297493656,0.0,640.6500682891398,0.0,640.6500682891398,640.6500682891398,0,"{'load': 1, 'battery': 1}",0,0.558992,1,0,0,0,0,"{'solar': 1, 'wind': 0, 'generator': 0}",285.0,1.9964,4.572,1.9
1355,-150.60621690515757,0.0,150.60621690515757,0.0,251.01036150859593,0.0,251.01036150859593,251.01036150859593,0,"{'load': 1, 'battery': 1}",0,0.0,0,0,0,0,0,"{'solar': 0, 'wind': 0, 'generator': 0}",285.0,0.0371,4.824000000000001,0.6
1356,-98.36249570461985,0.0,98.36249570461985,0.0,163.93749284103308,0.0,163.93749284103308,163.93749284103308,0,"{'load': 1, 'battery': 1}",0,0.0,0,0,0,0,0,"{'solar': 0, 'wind': 0, 'generator': 0}",285.0,0.0293,15.3,0.6
1357,-186.42685245556714,2.1909694518358025,184.23588300373135,0.0,307.05980500621894,0.0,307.05980500621894,307.05980500621894,0,"{'load': 1, 'battery': 1}",0,14.605891999999999,1,0,0,0,0,"{'solar': 1, 'wind': 0, 'generator': 0}",285.0,52.1639,1.836,0.6
1358,-622.583707942092,33.1335354,633.628219742092,0.0,333.48853670636424,44.17804720000001,333.48853670636424,333.48853670636424,0,"{'load': 1, 'battery': 1}",0,220.89023600000002,2,0,0,0,0,"{'solar': 1, 'wind': 0, 'generator': 0}",285.0,788.8937,2.9160000000000004,1.9
1359,-991.6789761968855,24.059338800000003,967.6196373968855,0.0,276.4627535419673,0.0,436.8583455419673,436.8583455419673,0,"{'load': 1, 'battery': 0}",0,160.39559200000002,0,0,0,0,0,"{'solar': 1, 'wind': 0, 'generator': 0}",285.0,572.8414,7.992000000000001,3.5
1360,-497.1248002679669,0.0,497.1248002679669,0.0,552.36088918663,0.0,552.36088918663,552.36088918663,0,"{'load': 1, 'battery': 1}",0,0.0,1,0,0,0,0,"{'solar': 0, 'wind': 0, 'generator': 0}",285.0,0.0178,21.240000000000002,0.8999999999999999
1361,-132.41197182980105,0.0028223999999999996,132.40914942980103,0.0,220.68191571633506,0.0,220.70073171633504,220.70073171633504,0,"{'load': 1, 'battery': 1}",0,0.018816,0,0,0,0,0,"{'solar': 1, 'wind': 0, 'generator': 0}",285.0,0.0672,12.6,0.6
1362,-87.47193549985404,0.0017850000000000003,87.47253049985405,0.0,145.78755083309008,0.0023800000000000006,145.78755083309008,145.78755083309008,0,"{'load': 1, 'battery': 1}",0,0.011900000000000003,2,0,0,0,0,"{'solar': 1, 'wind': 0, 'generator': 0}",285.0,0.0425,2.088,0.6
1363,-176.29964482334765,0.612129,176.50368782334763,0.0,294.17281303891275,0.8161720000000001,294.17281303891275,294.17281303891275,0,"{'load': 1, 'battery': 1}",0,4.08086,2,0,0,0,0,"{'solar': 1, 'wind': 0, 'generator': 0}",285.0,14.5745,11.268,0.6
1364,-176.34954159247934,0.0,176.34954159247934,0.0,293.91590265413225,0.0,293.91590265413225,293.91590265413225,0,"{'load': 1, 'battery': 1}",0,0.0,0,0,0,0,0,"{'solar': 0, 'wind': 0, 'generator': 0}",285.0,665.8704,13.212,0.6
1365,-215.78006079901323,0.0,215.78006079901323,0.0,359.63343466502204,0.0,359.63343466502204,359.63343466502204,0,"{'load': 1, 'battery': 1}",0,0.0,0,0,0,0,0,"{'solar': 0, 'wind': 0, 'generator': 0}",285.0,440.8818,15.156,0.6
1366,-445.235046309483,0.0009743999999999998,445.23407190948296,0.0,494.70452434387,0.0,494.71102034387,494.71102034387,0,"{'load': 1, 'battery': 0}",0,0.006495999999999999,0,0,0,0,0,"{'solar': 1, 'wind': 0, 'generator': 0}",285.0,0.0232,3.204,0.8999999999999999
1367,-110.94596358289151,0.0025956,110.9468287828915,0.0,184.91138130481917,0.0034608,184.91138130481917,184.91138130481917,0,"{'load': 1, 'battery': 1}",0,0.017304,2,0,0,0,0,"{'solar': 1, 'wind': 0, 'generator': 0}",285.0,0.0618,15.947999999999999,0.6
1368,-81.53503740261365,0.007434,81.52760340261365,0.0,135.8793390043561,0.0,135.9288990043561,135.9288990043561,0,"{'load': 1, 'battery': 0}",0,0.04956,0,0,0,0,0,"{'solar': 1, 'wind': 0, 'generator': 0}",285.0,0.177,9.18,0.6
1369,-183.15632670657658,0.0,183.15632670657658,0.0,305.260544510961,0.0,305.260544510961,305.260544510961,0,"{'load': 1, 'battery': 1}",0,0.0,0,0,0,0,0,"{'solar': 0, 'wind': 0, 'generator': 0}",285.0,7.7147,8.208,0.6
1370,-151.86742136747625,14.718312,156.77352536747625,0.0,261.28920894579375,19.624416,261.28920894579375,261.28920894579375,0,"{'load': 1, 'battery': 1}",0,98.12208,2,0,0,0,0,"{'solar': 1, 'wind': 0, 'generator': 0}",285.0,350.436,29.556000000000004,0.6
1371,-118.25998598564996,13.680403800000002,104.57958218564995,0.0,174.29930364274992,0.0,265.50199564274993,265.50199564274993,0,"{'load': 1, 'battery': 1}",0,91.20269200000001,0,0,0,0,0,"{'solar': 1, 'wind': 0, 'generator': 0}",285.0,325.7239,6.3,0.6
1372,-430.50876094003667,0.0016884660074074074,430.50707247402926,0.0,478.3411916378103,0.0,478.3411916378103,478.3411916378103,0,"{'load': 1, 'battery': 1}",0,0.011256,1,0,0,0,0,"{'solar': 1, 'wind': 0, 'generator': 0}",285.0,0.0402,20.196,0.8999999999999999
1373,-156.0214609661202,0.0042504000000000005,156.0172105661202,0.0,260.028684276867,0.0,260.05702027686704,260.05702027686704,0,"{'load': 1, 'battery': 1}",0,0.028336000000000004,0,0,0,0,0,"{'solar': 1, 'wind': 0, 'generator': 0}",285.0,0.1012,42.804,0.6
1374,-81.7879233559223,0.0024024000000000003,81.78552095592231,0.0,136.30920159320385,0.0,136.32521759320386,136.32521759320386,0,"{'load': 1, 'battery': 1}",0,0.016016000000000002,0,0,0,0,0,"{'solar': 1, 'wind': 0, 'generator': 0}",285.0,0.0572,25.452,0.6
1375,-174.83938465331457,2.108652,172.73073265331456,0.0,287.88455442219094,0.0,301.94223442219095,301.94223442219095,0,"{'load': 1, 'battery': 1}",0,14.057680000000001,0,0,0,0,0,"{'solar': 1, 'wind': 0, 'generator': 0}",285.0,50.206,11.376000000000001,0.6
1376,-270.9706523815146,0.000969438460185185,270.9696829430544,165.31476899999998,286.301369238424,0.0,286.301369238424,286.301369238424,0,"{'load': 1, 'battery': 1}",0,0.0,1,0,0,0,0,"{'solar': 0, 'wind': 0, 'generator': 0}",285.0,511.9336,8.568,0.6
1377,-272.7285531709044,14.589796133333332,258.13875703757105,270.0,160.2312617292851,0.0,301.11490618526744,367.254752,1,"{'load': 1, 'battery': 1}",1,97.254752,0,0,0,0,0,"{'solar': 1, 'wind': 0, 'generator': 0}",285.0,347.3384,7.920000000000001,0.6
1378,-478.90301664144914,0.0017220000000000002,478.90129464144917,0.0,532.1125496016102,0.0,532.1240296016102,532.1240296016102,0,"{'load': 1, 'battery': 1}",0,0.011480000000000002,0,0,0,0,0,"{'solar': 1, 'wind': 0, 'generator': 0}",285.0,0.041,25.272,0.8999999999999999
1379,-192.5251312162182,0.0033432,192.5217880162182,0.0,320.869646693697,0.0,320.891934693697,320.891934693697,0,"{'load': 1, 'battery': 1}",0,0.022288000000000002,0,0,0,0,0,"{'solar': 1, 'wind': 0, 'generator': 0}",285.0,0.0796,5.796,0.6
1380,-160.52138958795157,0.0036708000000000005,160.52261318795158,0.0,267.537688646586,0.004894400000000001,267.537688646586,267.537688646586,0,"{'load': 1, 'battery': 1}",0,0.024472000000000004,2,0,0,0,0,"{'solar': 1, 'wind': 0, 'generator': 0}",285.0,0.0874,16.128000000000004,0.6
1381,-285.78379845102705,0.035301,285.74849745102705,0.0,476.24749575171177,0.0,476.4828357517118,476.4828357517118,0,"{'load': 1, 'battery': 1}",0,0.23534000000000002,0,0,0,0,0,"{'solar': 1, 'wind': 0, 'generator': 0}",285.0,0.8405,8.568,0.6
1382,-198.11995547574617,0.0,198.11995547574617,0.0,330.1999257929103,0.0,330.1999257929103,330.1999257929103,0,"{'load': 1, 'battery': 1}",0,0.0,0,0,0,0,0,"{'solar': 0, 'wind': 0, 'generator': 0}",285.0,334.2887,15.264000000000001,0.6
1383,-148.5196476490841,16.1102928,132.4093548490841,0.0,220.68225808180688,0.0,328.0842100818069,328.0842100818069,0,"{'load': 1, 'battery': 0}",0,107.40195200000001,0,0,0,0,0,"{'solar': 1, 'wind': 0, 'generator': 0}",285.0,383.5784,14.832,0.6
1384,-492.2890793766272,0.002205,492.2868743766272,0.0,546.9854159740303,0.0,547.0001159740302,547.0001159740302,0,"{'load': 1, 'battery': 1}",0,0.014700000000000001,0,0,0,0,0,"{'solar': 1, 'wind': 0, 'generator': 0}",285.0,0.0525,24.12,0.8999999999999999
1385,-193.81617076664392,0.0,193.81617076664392,0.0,323.0269512777399,0.0,323.0269512777399,323.0269512777399,0,"{'load': 1, 'battery': 1}",0,0.0,2,0,0,0,0,"{'solar': 0, 'wind': 0, 'generator': 0}",285.0,0.0981,49.608,0.6
1386,-174.10171196840162,0.0,174.10171196840162,0.0,290.169519947336,0.0,290.169519947336,290.169519947336,0,"{'load': 1, 'battery': 1}",0,0.0,0,0,0,0,0,"{'solar': 0, 'wind': 0, 'generator': 0}",285.0,0.024,4.392,0.6
1387,-283.92946585085974,0.0,283.92946585085974,0.0,473.21577641809955,0.0,473.21577641809955,473.21577641809955,0,"{'load': 1, 'battery': 1}",0,0.0,0,0,0,0,0,"{'solar': 0, 'wind': 0, 'generator': 0}",285.0,1.0412,19.152,0.6
1388,-236.66907009586697,23.59291032051852,213.07615977534846,0.0,355.1269329589141,0.0,355.1269329589141,355.1269329589141,0,"{'load': 1, 'battery': 1}",0,157.27992,1,0,0,0,0,"{'solar': 1, 'wind': 0, 'generator': 0}",285.0,561.714,25.236,0.6
1389,-138.7260644087869,20.593444199999997,118.1326202087869,0.0,196.88770034797818,0.0,334.1773283479782,334.1773283479782,0,"{'load': 1, 'battery': 1}",0,137.289628,0,0,0,0,0,"{'solar': 1, 'wind': 0, 'generator': 0}",285.0,490.3201,26.676000000000002,0.6
1390,-508.9187216880686,0.0001302,508.9185914880686,0.0,565.4651016534096,0.0,565.4659696534096,565.4659696534096,0,"{'load': 1, 'battery': 1}",0,0.000868,0,0,0,0,0,"{'solar': 1, 'wind': 0, 'generator': 0}",285.0,0.0031,22.14,0.8999999999999999
1391,-183.73758235592115,0.0015833333333333333,183.7359990225878,270.0,36.22666503764634,0.0,306.22666503764634,306.22666503764634,1,"{'load': 1, 'battery': 1}",1,0.0,0,0,0,0,0,"{'solar': 0, 'wind': 0, 'generator': 0}",285.0,0.027,6.48,0.6
1392,-140.4777149528837,0.0,140.4777149528837,0.0,234.12952492147286,0.0,234.12952492147286,234.12952492147286,0,"{'load': 1, 'battery': 1}",0,0.0,2,0,0,0,0,"{'solar': 0, 'wind': 0, 'generator': 0}",285.0,0.0641,8.64,0.6
1393,-257.7927342343757,0.25920719999999997,257.5335270343757,0.0,429.2225450572929,0.0,430.9505930572929,430.9505930572929,0,"{'load': 1, 'battery': 1}",0,1.728048,0,0,0,0,0,"{'solar': 1, 'wind': 0, 'generator': 0}",285.0,6.1716,25.56,0.6
1394,-159.68059899221288,0.0,159.68059899221288,0.0,266.13433165368815,0.0,266.13433165368815,266.13433165368815,0,"{'load': 1, 'battery': 0}",0,0.0,0,0,0,0,0,"{'solar': 0, 'wind': 0, 'generator': 0}",285.0,672.5731,21.996000000000002,0.6
1395,-166.22964807595548,21.182338800000007,173.2904276759555,0.0,288.81737945992586,28.24311840000001,288.81737945992586,288.81737945992586,0,"{'load': 1, 'battery': 1}",0,141.21559200000004,2,0,0,0,0,"{'solar': 1, 'wind': 0, 'generator': 0}",285.0,504.3414,5.976,0.6
1396,-424.2480158022435,0.010387006060493826,424.237628796183,0.0,471.37514310687004,0.0,471.37514310687004,471.37514310687004,0,"{'load': 1, 'battery': 1}",0,0.069244,1,0,0,0,0,"{'solar': 1, 'wind': 0, 'generator': 0}",285.0,0.2473,31.895999999999997,0.8999999999999999
1397,-172.8255865205057,0.0015833333333333333,172.82400318717237,270.0,18.040005311953962,0.0,288.04000531195396,288.04000531195396,1,"{'load': 1, 'battery': 1}",1,0.0,0,0,0,0,0,"{'solar': 0, 'wind': 0, 'generator': 0}",285.0,0.0008,15.48,0.6
1398,-153.84624366806284,0.0,153.84624366806284,0.0,256.41040611343806,0.0,256.41040611343806,256.41040611343806,0,"{'load': 1, 'battery': 1}",0,0.0,2,0,0,0,0,"{'solar': 0, 'wind': 0, 'generator': 0}",285.0,0.0216,5.796,0.6
1399,-183.89887567797902,0.7620315901938273,183.1368440877852,0.0,305.228073479642,0.0,305.228073479642,305.228073479642,0,"{'load': 1, 'battery': 1}",0,5.080012000000001,1,0,0,0,0,"{'solar': 1, 'wind': 0, 'generator': 0}",285.0,18.1429,3.708,0.6
1400,-323.7619634162896,0.0015833333333333333,323.76038008295626,270.0,269.6006334715938,0.0,269.6006334715938,269.6006334715938,0,"{'load': 1, 'battery': 1}",0,0.0,0,0,0,0,0,"{'solar': 0, 'wind': 0, 'generator': 0}",285.0,766.9959,23.759999999999998,0.6
1401,-140.8827470656415,0.0,140.8827470656415,0.0,234.80457844273585,0.0,234.80457844273585,234.80457844273585,0,"{'load': 1, 'battery': 1}",0,0.0,0,0,0,0,0,"{'solar': 0, 'wind': 0, 'generator': 0}",285.0,642.3281,19.296000000000003,0.6
1402,-432.37045259615707,0.0,432.37045259615707,0.0,480.41161399573014,0.0,480.41161399573014,480.41161399573014,0,"{'load': 1, 'battery': 0}",0,0.0,1,0,0,0,0,"{'solar': 0, 'wind': 0, 'generator': 0}",285.0,1.3541,9.360000000000001,0.8999999999999999
1403,-157.6865670191945,0.0,157.6865670191945,0.0,262.81094503199085,0.0,262.81094503199085,262.81094503199085,0,"{'load': 1, 'battery': 1}",0,0.0,0,0,0,0,0,"{'solar': 1, 'wind': 0, 'generator': 0}",285.0,0.0,10.08,0.6
1404,-83.4423418779708,0.0,83.4423418779708,0.0,139.070569796618,0.0,139.070569796618,139.070569796618,0,"{'load': 1, 'battery': 1}",0,0.0,1,0,0,0,0,"{'solar': 0, 'wind': 0, 'generator': 0}",285.0,0.0,25.236,0.6
1405,-157.67014890614342,3.9694871999999997,153.70066170614342,0.0,256.16776951023905,0.0,282.6310175102391,282.6310175102391,0,"{'load': 1, 'battery': 1}",0,26.463248,0,0,0,0,0,"{'solar': 1, 'wind': 0, 'generator': 0}",285.0,94.5116,22.176000000000002,0.6
1406,-140.07897681095446,0.0,140.07897681095446,0.0,233.46496135159077,0.0,233.46496135159077,233.46496135159077,0,"{'load': 1, 'battery': 1}",0,0.0,0,0,0,0,0,"{'solar': 0, 'wind': 0, 'generator': 0}",285.0,802.6295,2.9160000000000004,0.6
1407,-97.01392836819846,25.769881199999997,71.24404716819846,0.0,118.74007861366411,0.0,290.5392866136641,290.5392866136641,0,"{'load': 1, 'battery': 1}",0,171.799208,0,0,0,0,0,"{'solar': 1, 'wind': 0, 'generator': 0}",285.0,613.5686,10.296,0.6
1408,-409.11713170277375,0.0,409.11713170277375,0.0,454.57459078085975,0.0,454.57459078085975,454.57459078085975,0,"{'load': 1, 'battery': 0}",0,0.0,2,0,0,0,0,"{'solar': 0, 'wind': 0, 'generator': 0}",285.0,5.3928,26.676000000000002,0.8999999999999999
1409,-116.40071653503162,0.0,116.40071653503162,0.0,194.0011942250527,0.0,194.0011942250527,194.0011942250527,0,"{'load': 1, 'battery': 1}",0,0.0,0,0,0,0,0,"{'solar': 0, 'wind': 0, 'generator': 0}",285.0,0.0046,17.424,0.6
1410,-84.64048417771674,0.0021755999999999998,84.63830857771674,0.0,141.0638476295279,0.0,141.0783516295279,141.0783516295279,0,"{'load': 1, 'battery': 1}",0,0.014504,0,0,0,0,0,"{'solar': 1, 'wind': 0, 'generator': 0}",285.0,0.0518,16.344,0.6
1411,-155.05986855198952,0.0,155.05986855198952,0.0,258.43311425331586,0.0,258.43311425331586,258.43311425331586,0,"{'load': 1, 'battery': 1}",0,0.0,2,0,0,0,0,"{'solar': 0, 'wind': 0, 'generator': 0}",285.0,240.9805,3.3120000000000003,0.6
1412,-65.79291298947591,37.8192906,27.973622389475906,0.0,14.722959152355742,0.0,266.85156315235577,266.85156315235577,0,"{'load': 1, 'battery': 1}",0,252.12860400000002,0,0,0,0,0,"{'solar': 1, 'wind': 0, 'generator': 0}",285.0,900.4593,19.188000000000002,1.9
1413,-559.0025107316847,33.44635139999999,525.5561593316846,0.0,150.15890266619562,0.0,373.1345786661956,373.1345786661956,0,"{'load': 1, 'battery': 0}",0,222.97567599999996,0,0,0,0,0,"{'solar': 1, 'wind': 0, 'generator': 0}",285.0,796.3417,8.424,3.5
1414,-914.9383179443015,0.0,914.9383179443015,0.0,481.5464831285798,0.0,481.5464831285798,481.5464831285798,0,"{'load': 1, 'battery': 1}",0,0.0,0,0,0,0,0,"{'solar': 0, 'wind': 0, 'generator': 0}",285.0,25.3061,16.848,1.9
1415,-131.38294707325875,0.002692200000000001,131.38025487325874,0.0,218.96709145543124,0.0,218.98503945543123,218.98503945543123,0,"{'load': 1, 'battery': 1}",0,0.017948000000000006,0,0,0,0,0,"{'solar': 1, 'wind': 0, 'generator': 0}",285.0,0.0641,4.464,0.6
1416,-92.31366459199015,0.0,92.31366459199015,0.0,153.8561076533169,0.0,153.8561076533169,153.8561076533169,0,"{'load': 1, 'battery': 1}",0,0.0,1,0,0,0,0,"{'solar': 0, 'wind': 0, 'generator': 0}",285.0,0.0796,4.392,0.6
1417,-163.01380775026124,0.0015833333333333333,163.0122244169279,270.0,1.6870406948798404,0.0,271.68704069487984,271.68704069487984,1,"{'load': 1, 'battery': 1}",1,0.0,1,0,0,0,0,"{'solar': 0, 'wind': 0, 'generator': 0}",285.0,104.3477,3.8160000000000003,0.6
1418,-629.8437271830761,39.92560581657408,589.9181213665021,0.0,310.4832217718432,0.0,310.4832217718432,310.4832217718432,0,"{'load': 1, 'battery': 1}",0,266.1603,1,0,0,0,0,"{'solar': 1, 'wind': 0, 'generator': 0}",285.0,950.5725,6.3,1.9
1419,-835.4409698633291,31.801967400000002,803.6390024633291,0.0,229.61114356095118,0.0,441.6242595609512,441.6242595609512,0,"{'load': 1, 'battery': 1}",0,212.01311600000002,0,0,0,0,0,"{'solar': 1, 'wind': 0, 'generator': 0}",285.0,757.1897,7.272,3.5
1420,-925.5963585450052,2.6805828,922.9157757450051,0.0,485.74514512895007,0.0,503.61569712895005,503.61569712895005,0,"{'load': 1, 'battery': 1}",0,17.870552,0,0,0,0,0,"{'solar': 1, 'wind': 0, 'generator': 0}",285.0,63.8234,6.372,1.9
1421,-144.49122336714902,0.0056153999999999996,144.485607967149,0.0,240.80934661191503,0.0,240.84678261191505,240.84678261191505,0,"{'load': 1, 'battery': 1}",0,0.037436,0,0,0,0,0,"{'solar': 1, 'wind': 0, 'generator': 0}",285.0,0.1337,11.124,0.6
1422,-93.56286680575975,0.0,93.56286680575975,0.0,155.93811134293293,0.0,155.93811134293293,155.93811134293293,0,"{'load': 1, 'battery': 1}",0,0.0,1,0,0,0,0,"{'solar': 1, 'wind': 0, 'generator': 0}",285.0,0.0,24.984,0.6
1423,-154.68756995084217,2.8996421999999997,151.7879277508422,0.0,252.979879584737,0.0,272.310827584737,272.310827584737,0,"{'load': 1, 'battery': 1}",0,19.330948,0,0,0,0,0,"{'solar': 1, 'wind': 0, 'generator': 0}",285.0,69.0391,5.04,0.6
1424,-660.3177670090404,0.0,660.3177670090404,0.0,347.53566684686336,0.0,347.53566684686336,347.53566684686336,0,"{'load': 1, 'battery': 1}",0,0.0,0,0,0,0,0,"{'solar': 0, 'wind': 0, 'generator': 0}",285.0,732.0376,4.464,1.9
1425,-1806.354311939922,0.0,1806.354311939922,0.0,516.1012319828349,0.0,516.1012319828349,516.1012319828349,0,"{'load': 1, 'battery': 1}",0,0.0,0,0,0,0,0,"{'solar': 0, 'wind': 0, 'generator': 0}",285.0,777.2359,13.716000000000001,3.5
1426,-1052.1034004271758,2.4219342,1049.6814662271759,0.0,552.4639295932504,0.0,568.6101575932504,568.6101575932504,0,"{'load': 1, 'battery': 1}",0,16.146228,0,0,0,0,0,"{'solar': 1, 'wind': 0, 'generator': 0}",285.0,57.6651,6.12,1.9
1427,-168.66157618532765,0.0013944,168.66018178532764,0.0,281.1003029755461,0.0,281.1095989755461,281.1095989755461,0,"{'load': 1, 'battery': 1}",0,0.009296,0,0,0,0,0,"{'solar': 1, 'wind': 0, 'generator': 0}",285.0,0.0332,5.508,0.6
1428,-108.85223331603187,0.0,108.85223331603187,0.0,181.42038886005312,0.0,181.42038886005312,181.42038886005312,0,"{'load': 1, 'battery': 1}",0,0.0,0,0,0,0,0,"{'solar': 0, 'wind': 0, 'generator': 0}",285.0,0.0602,11.735999999999999,0.6
1429,-149.2747407623514,9.892902599999998,139.38183816235141,0.0,232.30306360391904,0.0,298.255747603919,298.255747603919,0,"{'load': 1, 'battery': 1}",0,65.95268399999999,0,0,0,0,0,"{'solar': 1, 'wind': 0, 'generator': 0}",285.0,235.5453,2.16,0.6
1430,-552.9684956517539,17.6655108,535.3029848517539,0.0,281.7384130798705,0.0,399.50848507987047,399.5084850798705,0,"{'load': 1, 'battery': 1}",0,117.770072,0,0,0,0,0,"{'solar': 1, 'wind': 0, 'generator': 0}",285.0,420.6074,7.416,1.9
1431,-1874.7741547779883,0.0,1874.7741547779883,0.0,535.6497585079967,0.0,535.6497585079967,535.6497585079967,0,"{'load': 1, 'battery': 1}",0,0.0,0,0,0,0,0,"{'solar': 0, 'wind': 0, 'generator': 0}",285.0,781.1652,16.128000000000004,3.5
1432,-1098.1628000953442,1.6123211999999998,1096.5504788953442,0.0,577.1318309975496,0.0,587.8806389975497,587.8806389975497,0,"{'load': 1, 'battery': 1}",0,10.748807999999999,0,0,0,0,0,"{'solar': 1, 'wind': 0, 'generator': 0}",285.0,38.3886,23.040000000000003,1.9
1433,-168.03811121532655,0.0,168.03811121532655,0.0,280.06351869221095,0.0,280.06351869221095,280.06351869221095,0,"{'load': 1, 'battery': 1}",0,0.0,1,0,0,0,0,"{'solar': 0, 'wind': 0, 'generator': 0}",285.0,0.0904,17.64,0.6
1434,-107.93479823559666,0.0,107.93479823559666,0.0,179.8913303926611,0.0,179.8913303926611,179.8913303926611,0,"{'load': 1, 'battery': 1}",0,0.0,0,0,0,0,0,"{'solar': 0, 'wind': 0, 'generator': 0}",285.0,0.0471,1.836,0.6
1435,-136.19062122431131,4.624657992318518,131.56596323199278,0.0,219.27660538665467,0.0,219.27660538665467,219.27660538665467,0,"{'load': 1, 'battery': 1}",0,30.829848,1,0,0,0,0,"{'solar': 1, 'wind': 0, 'generator': 0}",285.0,110.1066,13.356,0.6
1436,-546.537413188349,0.0,546.537413188349,0.0,287.65127009913107,0.0,287.65127009913107,287.65127009913107,0,"{'load': 1, 'battery': 1}",0,0.0,1,0,0,0,0,"{'solar': 0, 'wind': 0, 'generator': 0}",285.0,850.0993,5.688000000000001,1.9
1437,-1168.0180174324864,29.727171533333333,1138.290845899153,270.0,55.22595597118658,0.0,523.3965439711866,523.3965439711866,1,"{'load': 1, 'battery': 1}",1,198.170588,0,0,0,0,0,"{'solar': 1, 'wind': 0, 'generator': 0}",285.0,707.7521,26.136,3.5
1438,-1119.4131209780362,0.3805704,1119.0325505780363,0.0,588.9645003042297,0.0,591.5016363042297,591.5016363042297,0,"{'load': 1, 'battery': 1}",0,2.537136,0,0,0,0,0,"{'solar': 1, 'wind': 0, 'generator': 0}",285.0,9.0612,16.92,1.9
1439,-158.7527897394287,0.0019782,158.7534491394287,0.0,264.58908189904787,0.0026376000000000004,264.58908189904787,264.58908189904787,0,"{'load': 1, 'battery': 0}",0,0.013188,2,0,0,0,0,"{'solar': 1, 'wind': 0, 'generator': 0}",285.0,0.0471,10.692,0.6
1440,-104.78094359968132,0.0011340443333333334,104.779809555348,0.0,174.63301592558,0.0,174.63301592558,174.63301592558,0,"{'load': 1, 'battery': 1}",0,0.00756,1,0,0,0,0,"{'solar': 1, 'wind': 0, 'generator': 0}",285.0,0.027,12.816,0.6
1441,-164.3852214910324,5.7615137999999995,158.62370769103242,0.0,264.3728461517207,0.0,302.7829381517207,302.7829381517207,0,"{'load': 1, 'battery': 1}",0,38.410092,0,0,0,0,0,"{'solar': 1, 'wind': 0, 'generator': 0}",285.0,137.1789,1.836,0.6
1442,-302.1677375680079,32.9057988,269.2619387680079,0.0,141.7168098778989,0.0,361.0888018778989,361.0888018778989,0,"{'load': 1, 'battery': 1}",0,219.371992,0,0,0,0,0,"{'solar': 1, 'wind': 0, 'generator': 0}",285.0,783.4714,7.704000000000001,1.9
1443,-1046.336588612418,25.7855892,1020.5509994124179,0.0,291.5859998321194,0.0,463.4899278321194,463.4899278321194,0,"{'load': 1, 'battery': 1}",0,171.903928,0,0,0,0,0,"{'solar': 1, 'wind': 0, 'generator': 0}",285.0,613.9426,5.688000000000001,3.5
1444,-1094.4255772439988,0.009340799999999998,1094.4286908439988,0.0,576.0151004442099,0.0124544,576.0151004442099,576.0151004442099,0,"{'load': 1, 'battery': 1}",0,0.062271999999999994,2,0,0,0,0,"{'solar': 1, 'wind': 0, 'generator': 0}",285.0,0.2224,10.836,1.9
1445,-131.55031386797467,0.0019152,131.54839866797465,0.0,219.2473311132911,0.0,219.2600991132911,219.2600991132911,0,"{'load': 1, 'battery': 1}",0,0.012768,0,0,0,0,0,"{'solar': 1, 'wind': 0, 'generator': 0}",285.0,0.0456,4.032000000000001,0.6
1446,-86.52163956074884,0.0,86.52163956074884,0.0,144.20273260124807,0.0,144.20273260124807,144.20273260124807,0,"{'load': 1, 'battery': 1}",0,0.0,2,0,0,0,0,"{'solar': 0, 'wind': 0, 'generator': 0}",285.0,0.0788,18.791999999999998,0.6
1447,-181.6921130017998,3.1324272,178.55968580179982,0.0,297.59947633633305,0.0,318.4823243363331,318.4823243363331,0,"{'load': 1, 'battery': 1}",0,20.882848,0,0,0,0,0,"{'solar': 1, 'wind': 0, 'generator': 0}",285.0,74.5816,6.8759999999999994,0.6
1448,-259.44491441306513,29.5979376,229.8469768130651,270.0,113.07829468844187,0.0,310.3978786884419,310.3978786884419,0,"{'load': 1, 'battery': 0}",0,197.31958400000002,0,0,0,0,0,"{'solar': 1, 'wind': 0, 'generator': 0}",285.0,704.7128,5.184,0.6
1449,-329.0934260436,20.5567782,308.5366478436,270.0,244.2277464060001,0.0,381.2729344060001,381.2729344060001,0,"{'load': 1, 'battery': 0}",0,137.045188,0,0,0,0,0,"{'solar': 1, 'wind': 0, 'generator': 0}",285.0,489.4471,10.404,0.6
1450,-455.78001605252376,0.0,455.78001605252376,0.0,506.42224005835976,0.0,506.42224005835976,506.42224005835976,0,"{'load': 1, 'battery': 1}",0,0.0,2,0,0,0,0,"{'solar': 0, 'wind': 0, 'generator': 0}",285.0,0.0394,9.288,0.8999999999999999
1451,-115.87125006336184,0.0,115.87125006336184,0.0,193.11875010560308,0.0,193.11875010560308,193.11875010560308,0,"{'load': 1, 'battery': 1}",0,0.0,0,0,0,0,0,"{'solar': 0, 'wind': 0, 'generator': 0}",285.0,0.0464,12.78,0.6
1452,-83.79371053488323,0.002919114117283951,83.79079142076594,0.0,139.6513190346099,0.0,139.6513190346099,139.6513190346099,0,"{'load': 1, 'battery': 1}",0,0.019460000000000005,1,0,0,0,0,"{'solar': 1, 'wind': 0, 'generator': 0}",285.0,0.0695,13.428,0.6
1453,-175.76067899395667,0.0,175.76067899395667,0.0,292.9344649899278,0.0,292.9344649899278,292.9344649899278,0,"{'load': 1, 'battery': 1}",0,0.0,1,0,0,0,0,"{'solar': 0, 'wind': 0, 'generator': 0}",285.0,35.5985,12.78,0.6
1454,-80.68758644049235,26.9093748,53.77821164049235,0.0,89.63035273415392,0.0,269.0261847341539,269.0261847341539,0,"{'load': 1, 'battery': 1}",0,179.39583199999998,0,0,0,0,0,"{'solar': 1, 'wind': 0, 'generator': 0}",285.0,640.6994,5.652,0.6
1455,-115.15359946477261,17.639958,97.51364146477262,0.0,162.52273577462103,0.0,280.122455774621,280.122455774621,0,"{'load': 1, 'battery': 1}",0,117.59972,0,0,0,0,0,"{'solar': 1, 'wind': 0, 'generator': 0}",285.0,419.999,56.268,0.6
1456,-452.09888938029604,0.0,452.09888938029604,0.0,502.3320993114401,0.0,502.3320993114401,502.3320993114401,0,"{'load': 1, 'battery': 1}",0,0.0,2,0,0,0,0,"{'solar': 0, 'wind': 0, 'generator': 0}",285.0,0.0324,20.52,0.8999999999999999
1457,-160.61141401754216,0.0,160.61141401754216,0.0,267.6856900292369,0.0,267.6856900292369,267.6856900292369,0,"{'load': 1, 'battery': 1}",0,0.0,2,0,0,0,0,"{'solar': 0, 'wind': 0, 'generator': 0}",285.0,0.0896,16.308,0.6
1458,-79.8397413400932,0.004964399999999999,79.83477694009319,0.0,133.057961566822,0.0,133.091057566822,133.091057566822,0,"{'load': 1, 'battery': 1}",0,0.033095999999999993,0,0,0,0,0,"{'solar': 1, 'wind': 0, 'generator': 0}",285.0,0.1182,29.628000000000004,0.6
1459,-176.30140035989746,0.2586108,176.04278955989744,0.0,293.40464926649577,0.0,295.12872126649575,295.12872126649575,0,"{'load': 1, 'battery': 1}",0,1.724072,0,0,0,0,0,"{'solar': 1, 'wind': 0, 'generator': 0}",285.0,6.1574,26.82,0.6
1460,-80.36223175461708,22.8902058,57.47202595461709,0.0,95.78670992436182,0.0,248.3880819243618,248.3880819243618,0,"{'load': 1, 'battery': 1}",0,152.601372,0,0,0,0,0,"{'solar': 1, 'wind': 0, 'generator': 0}",285.0,545.0049,49.14,0.6
1461,-157.26646856858878,0.0,157.26646856858878,0.0,262.110780947648,0.0,262.110780947648,262.110780947648,0,"{'load': 1, 'battery': 1}",0,0.0,0,0,0,0,0,"{'solar': 0, 'wind': 0, 'generator': 0}",285.0,27.2516,9.0,0.6
1462,-471.6194300613173,0.0,471.6194300613173,0.0,524.0215889570193,0.0,524.0215889570193,524.0215889570193,0,"{'load': 1, 'battery': 0}",0,0.0,1,0,0,0,0,"{'solar': 0, 'wind': 0, 'generator': 0}",285.0,0.0216,15.192,0.8999999999999999
1463,-187.67702546672453,0.0,187.67702546672453,0.0,312.7950424445409,0.0,312.7950424445409,312.7950424445409,0,"{'load': 1, 'battery': 1}",0,0.0,0,0,0,0,0,"{'solar': 0, 'wind': 0, 'generator': 0}",285.0,0.0572,5.9399999999999995,0.6
1464,-139.45975194092287,0.005422199999999999,139.45432974092287,0.0,232.42388290153812,0.0,232.46003090153812,232.46003090153812,0,"{'load': 1, 'battery': 1}",0,0.036148,0,0,0,0,0,"{'solar': 1, 'wind': 0, 'generator': 0}",285.0,0.1291,6.984,0.6
1465,-272.459978499978,1.218098019254321,271.24188048072364,0.0,452.06980080120604,0.0,452.06980080120604,452.06980080120604,0,"{'load': 1, 'battery': 1}",0,8.120336,1,0,0,0,0,"{'solar': 1, 'wind': 0, 'generator': 0}",285.0,29.0012,7.164,0.6
1466,-131.32133257513598,20.875548536271978,110.445784038864,137.7984788,46.277827931440015,0.0,316.27782793144,316.27782793144,1,"{'load': 1, 'battery': 1}",1,139.15949600000002,1,0,0,0,0,"{'solar': 1, 'wind': 0, 'generator': 0}",285.0,496.9982,11.592,0.6
1467,-261.88999668655475,16.153691333333335,245.73630535322144,270.0,139.56050892203572,0.0,247.24122892203573,247.24122892203573,0,"{'load': 1, 'battery': 1}",0,107.68072000000001,0,0,0,0,0,"{'solar': 1, 'wind': 0, 'generator': 0}",285.0,384.574,7.056,0.6
1468,-498.91712407053296,0.0,498.91712407053296,0.0,554.35236007837,0.0,554.35236007837,554.35236007837,0,"{'load': 1, 'battery': 1}",0,0.0,0,0,0,0,0,"{'solar': 0, 'wind': 0, 'generator': 0}",285.0,0.0417,27.864,0.8999999999999999
1469,-201.47553638759103,0.004153800000000001,201.47138258759102,0.0,335.78563764598505,0.0,335.81332964598505,335.81332964598505,0,"{'load': 1, 'battery': 1}",0,0.027692000000000005,0,0,0,0,0,"{'solar': 1, 'wind': 0, 'generator': 0}",285.0,0.0989,25.452,0.6
1470,-161.7962340610613,0.001558260917283951,161.79467580014403,0.0,269.6577930002401,0.0,269.6577930002401,269.6577930002401,0,"{'load': 1, 'battery': 1}",0,0.010388000000000001,1,0,0,0,0,"{'solar': 1, 'wind': 0, 'generator': 0}",285.0,0.0371,17.64,0.6
1471,-302.05262035308004,0.0,302.05262035308004,0.0,503.4210339218001,0.0,503.4210339218001,503.4210339218001,0,"{'load': 1, 'battery': 1}",0,0.0,1,0,0,0,0,"{'solar': 0, 'wind': 0, 'generator': 0}",285.0,0.8747,19.152,0.6
1472,-227.45118488453565,11.962126436866667,215.48905844766898,0.0,359.14843074611497,0.0,359.14843074611497,359.14843074611497,0,"{'load': 1, 'battery': 1}",0,79.744392,1,0,0,0,0,"{'solar': 1, 'wind': 0, 'generator': 0}",285.0,284.8014,18.720000000000002,0.6
1473,-414.0440269381357,0.0,114.0440269381357,0.0,190.07337823022618,0.0,286.5068979278558,0.0,0,"{'load': 0, 'battery': 1}",0,0.0,0,0,0,0,0,"{'solar': 0, 'wind': 0, 'generator': 0}",285.0,281.2727,34.632,0.6
1474,-464.01128086435557,0.0008778343172839507,464.0104030300383,0.0,515.5671144778204,0.0,515.5671144778204,515.5671144778204,0,"{'load': 1, 'battery': 1}",0,0.005852,1,0,0,0,0,"{'solar': 1, 'wind': 0, 'generator': 0}",285.0,0.0209,27.828000000000003,0.8999999999999999
1475,-192.5743665027012,0.001978277337037037,192.57238822536416,0.0,320.95398037560693,0.0,320.95398037560693,320.95398037560693,0,"{'load': 1, 'battery': 1}",0,0.013188,1,0,0,0,0,"{'solar': 1, 'wind': 0, 'generator': 0}",285.0,0.0471,19.8,0.6
1476,-189.45733010226658,0.0,189.45733010226658,0.0,315.762216837111,0.0,315.762216837111,315.762216837111,0,"{'load': 1, 'battery': 1}",0,0.0,0,0,0,0,0,"{'solar': 0, 'wind': 0, 'generator': 0}",285.0,0.0549,19.008000000000003,0.6
1477,-259.3214327232733,0.0,259.3214327232733,0.0,432.2023878721222,0.0,432.2023878721222,432.2023878721222,0,"{'load': 1, 'battery': 1}",0,0.0,0,0,0,0,0,"{'solar': 0, 'wind': 0, 'generator': 0}",285.0,2.3555,29.376,0.6
1478,-204.87516649784448,0.0,204.87516649784448,0.0,341.4586108297408,0.0,341.4586108297408,341.4586108297408,0,"{'load': 1, 'battery': 1}",0,0.0,0,0,0,0,0,"{'solar': 0, 'wind': 0, 'generator': 0}",285.0,427.0419,4.032000000000001,0.6
1479,-160.84497587817788,0.0,160.84497587817788,0.0,268.0749597969631,0.0,268.0749597969631,268.0749597969631,0,"{'load': 1, 'battery': 1}",0,0.0,1,0,0,0,0,"{'solar': 0, 'wind': 0, 'generator': 0}",285.0,53.1649,36.576,0.6
1480,-456.56495784023923,0.001848,456.5655738402392,0.0,507.2950820447103,0.0024640000000000005,507.2950820447103,507.2950820447103,0,"{'load': 1, 'battery': 0}",0,0.012320000000000001,2,0,0,0,0,"{'solar': 1, 'wind': 0, 'generator': 0}",285.0,0.044,19.908,0.8999999999999999
1481,-175.09849843286224,0.0010710418703703702,175.09742739099187,0.0,291.82904565165313,0.0,291.82904565165313,291.82904565165313,0,"{'load': 1, 'battery': 1}",0,0.00714,1,0,0,0,0,"{'solar': 1, 'wind': 0, 'generator': 0}",285.0,0.0255,15.984000000000002,0.6
1482,-122.01904343238782,0.0,122.01904343238782,0.0,203.36507238731303,0.0,203.36507238731303,203.36507238731303,0,"{'load': 1, 'battery': 1}",0,0.0,1,0,0,0,0,"{'solar': 0, 'wind': 0, 'generator': 0}",285.0,0.0974,10.476,0.6
1483,-207.09004803219838,0.0,207.09004803219838,0.0,345.150080053664,0.0,345.150080053664,345.150080053664,0,"{'load': 1, 'battery': 1}",0,0.0,0,0,0,0,0,"{'solar': 0, 'wind': 0, 'generator': 0}",285.0,8.1365,9.684,0.6
1484,-196.02072663464983,0.0,196.02072663464983,0.0,326.70121105774973,0.0,326.70121105774973,326.70121105774973,0,"{'load': 1, 'battery': 0}",0,0.0,0,0,0,0,0,"{'solar': 0, 'wind': 0, 'generator': 0}",285.0,758.4443,6.228,0.6
1485,-60.39438000070186,27.108475800000004,33.28590420070185,0.0,55.47650700116975,0.0,236.19967900116978,236.19967900116978,0,"{'load': 1, 'battery': 1}",0,180.72317200000003,0,0,0,0,0,"{'solar': 1, 'wind': 0, 'generator': 0}",285.0,645.4399,5.076,0.6
1486,-415.62548431102806,0.0,415.62548431102806,0.0,461.8060936789201,0.0,461.8060936789201,461.8060936789201,0,"{'load': 1, 'battery': 1}",0,0.0,0,0,0,0,0,"{'solar': 0, 'wind': 0, 'generator': 0}",285.0,1.004,5.256,0.8999999999999999
1487,-163.90970065123503,0.0,163.90970065123503,0.0,273.18283441872507,0.0,273.18283441872507,273.18283441872507,0,"{'load': 1, 'battery': 0}",0,0.0,1,0,0,0,0,"{'solar': 0, 'wind': 0, 'generator': 0}",285.0,0.0178,10.512,0.6
1488,-103.51100144077314,0.0,103.51100144077314,0.0,172.5183357346219,0.0,172.5183357346219,172.5183357346219,0,"{'load': 1, 'battery': 0}",0,0.0,0,0,0,0,0,"{'solar': 0, 'wind': 0, 'generator': 0}",285.0,0.0742,9.972,0.6
1489,-471.1805020937339,3.9342324000000004,167.24626969373386,0.0,278.7437828228898,0.0,304.9719988228898,304.97199882288976,0,"{'load': 1, 'battery': 1}",0,26.228216000000003,0,0,0,0,0,"{'solar': 1, 'wind': 0, 'generator': 0}",285.0,93.6722,1.476,0.6
1490,-177.03188532428743,35.6608182,141.37106712428744,0.0,235.61844520714573,0.0,227.69194708621094,237.738788,0,"{'load': 1, 'battery': 1}",0,237.738788,0,0,0,0,0,"{'solar': 1, 'wind': 0, 'generator': 0}",285.0,849.0671,24.66,0.6
1491,-73.25224483276509,30.920185800000002,42.33205903276508,0.0,70.55343172127513,0.0,276.68800372127515,276.68800372127515,0,"{'load': 1, 'battery': 1}",0,206.13457200000002,0,0,0,0,0,"{'solar': 1, 'wind': 0, 'generator': 0}",285.0,736.1949,4.86,0.6
1492,-396.0285487270197,0.0,396.0285487270197,0.0,440.03172080779973,0.0,440.03172080779973,440.03172080779973,0,"{'load': 1, 'battery': 1}",0,0.0,1,0,0,0,0,"{'solar': 0, 'wind': 0, 'generator': 0}",285.0,4.039,2.736,0.8999999999999999
1493,-113.73254152002183,0.0,113.73254152002183,0.0,189.55423586670304,0.0,189.55423586670304,189.55423586670304,0,"{'load': 1, 'battery': 1}",0,0.0,0,0,0,0,0,"{'solar': 0, 'wind': 0, 'generator': 0}",285.0,0.0,15.3,0.6
1494,-84.75689517711064,0.007790999999999999,84.74910417711064,0.0,141.24850696185106,0.0,141.30044696185107,141.30044696185107,0,"{'load': 1, 'battery': 1}",0,0.05194,0,0,0,0,0,"{'solar': 1, 'wind': 0, 'generator': 0}",285.0,0.1855,15.120000000000001,0.6
1495,-134.560038913336,8.378332200000001,126.181706713336,0.0,210.30284452222668,0.0,266.1583925222267,266.1583925222267,0,"{'load': 1, 'battery': 1}",0,55.855548000000006,0,0,0,0,0,"{'solar': 1, 'wind': 0, 'generator': 0}",285.0,199.4841,4.212,0.6
1496,-137.06874391084878,38.201368800000004,149.80253351084878,0.0,249.67088918474795,50.935158400000006,249.67088918474795,249.67088918474795,0,"{'load': 1, 'battery': 1}",0,254.67579200000003,2,0,0,0,0,"{'solar': 1, 'wind': 0, 'generator': 0}",285.0,909.5564,9.792000000000002,0.6
1497,-1159.464126713897,32.97497669478271,1126.4891500191143,0.0,321.85404286260405,0.0,321.85404286260405,321.85404286260405,0,"{'load': 1, 'battery': 1}",0,219.82458400000002,1,0,0,0,0,"{'solar': 1, 'wind': 0, 'generator': 0}",285.0,785.0878,13.428,3.5
1498,-911.9215902048057,1.1822916194703703,910.7392985853354,0.0,479.3364729396502,0.0,479.3364729396502,479.3364729396502,0,"{'load': 1, 'battery': 1}",0,7.881636,1,0,0,0,0,"{'solar': 1, 'wind': 0, 'generator': 0}",285.0,28.1487,22.356,1.9
1499,-126.89078005929129,0.0,126.89078005929129,0.0,211.48463343215215,0.0,211.48463343215215,211.48463343215215,0,"{'load': 1, 'battery': 1}",0,0.0,0,0,0,0,0,"{'solar': 1, 'wind': 0, 'generator': 0}",285.0,0.0,3.6,0.6
1500,-87.5209782182934,0.0,87.5209782182934,0.0,145.868297030489,0.0,145.868297030489,145.868297030489,0,"{'load': 1, 'battery': 1}",0,0.0,0,0,0,0,0,"{'solar': 0, 'wind': 0, 'generator': 0}",285.0,0.061,4.680000000000001,0.6
1501,-156.33285174075283,0.0,156.33285174075283,0.0,260.55475290125474,0.0,260.55475290125474,260.55475290125474,0,"{'load': 1, 'battery': 0}",0,0.0,2,0,0,0,0,"{'solar': 0, 'wind': 0, 'generator': 0}",285.0,121.1914,17.532,0.6
1502,-110.0402741723446,38.635707599999996,71.40456657234459,0.0,37.581350827549784,0.0,295.15273482754975,295.15273482754975,0,"{'load': 1, 'battery': 1}",0,257.57138399999997,0,0,0,0,0,"{'solar': 1, 'wind': 0, 'generator': 0}",285.0,919.8978,18.791999999999998,1.9
1503,-487.1585061823376,31.2206538,455.9378523823376,0.0,130.26795782352502,0.0,338.40564982352504,338.40564982352504,0,"{'load': 1, 'battery': 1}",0,208.13769200000002,0,0,0,0,0,"{'solar': 1, 'wind': 0, 'generator': 0}",285.0,743.3489,28.116,3.5
1504,-1464.0510421027996,2.7107345333333335,1461.3403075694662,270.0,499.1264776681402,0.0,517.1874856681402,517.1874856681402,1,"{'load': 1, 'battery': 1}",1,18.061008,0,0,0,0,0,"{'solar': 1, 'wind': 0, 'generator': 0}",285.0,64.5036,5.436,1.9
1505,-145.83848739394375,0.0,145.83848739394375,0.0,243.06414565657295,0.0,243.06414565657295,243.06414565657295,0,"{'load': 1, 'battery': 1}",0,0.0,0,0,0,0,0,"{'solar': 0, 'wind': 0, 'generator': 0}",285.0,0.0077,14.652000000000001,0.6
1506,-91.21224010269839,0.005418,91.20682210269838,0.0,152.01137017116397,0.0,152.047490171164,152.047490171164,0,"{'load': 1, 'battery': 1}",0,0.03612,0,0,0,0,0,"{'solar': 1, 'wind': 0, 'generator': 0}",285.0,0.129,8.784,0.6
1507,-163.43240950381082,0.0,163.43240950381082,0.0,272.38734917301804,0.0,272.38734917301804,272.38734917301804,0,"{'load': 1, 'battery': 1}",0,0.0,0,0,0,0,0,"{'solar': 0, 'wind': 0, 'generator': 0}",285.0,227.1135,21.6,0.6
1508,-703.8616931879981,38.74493546048395,665.1167577275141,0.0,350.0614514355338,0.0,350.0614514355338,350.0614514355338,0,"{'load': 1, 'battery': 1}",0,258.28947200000005,1,0,0,0,0,"{'solar': 1, 'wind': 0, 'generator': 0}",285.0,922.4624,4.680000000000001,1.9
1509,-2415.9385691426537,33.316491533333334,2382.6220776093205,270.0,410.74916503123444,0.0,460.69825846814695,492.099388,1,"{'load': 1, 'battery': 1}",1,222.099388,0,0,0,0,0,"{'solar': 1, 'wind': 0, 'generator': 0}",285.0,793.2121,23.076,3.5
1510,-1051.4361384303843,0.0,1051.4361384303843,0.0,553.3874412791497,0.0,553.3874412791497,553.3874412791497,0,"{'load': 1, 'battery': 1}",0,0.0,0,0,0,0,0,"{'solar': 0, 'wind': 0, 'generator': 0}",285.0,56.1792,7.272,1.9
1511,-152.08223273261444,0.003599540717283951,152.07863319189715,0.0,253.46438865316193,0.0,253.46438865316193,253.46438865316193,0,"{'load': 1, 'battery': 1}",0,0.023996000000000003,1,0,0,0,0,"{'solar': 1, 'wind': 0, 'generator': 0}",285.0,0.0857,2.592,0.6
1512,-105.28275416350095,0.0,105.28275416350095,0.0,175.47125693916826,0.0,175.47125693916826,175.47125693916826,0,"{'load': 1, 'battery': 1}",0,0.0,1,0,0,0,0,"{'solar': 0, 'wind': 0, 'generator': 0}",285.0,0.0548,11.16,0.6
1513,-174.47384273314614,3.1759728000000003,171.29786993314613,0.0,285.4964498885769,0.0,306.6696018885769,306.6696018885769,0,"{'load': 1, 'battery': 1}",0,21.173152,0,0,0,0,0,"{'solar': 1, 'wind': 0, 'generator': 0}",285.0,75.6184,13.536,0.6
1514,-808.307258635921,38.30063153333334,770.0066271025877,270.0,135.26664584346727,0.0,390.5936338434673,390.5936338434673,1,"{'load': 1, 'battery': 1}",1,255.326988,0,0,0,0,0,"{'solar': 1, 'wind': 0, 'generator': 0}",285.0,911.8821,7.920000000000001,1.9
1515,-1169.6382564112125,33.545379,1136.0928774112126,0.0,324.5979649746322,0.0,548.2338249746322,548.2338249746322,0,"{'load': 1, 'battery': 1}",0,223.63585999999998,0,0,0,0,0,"{'solar': 1, 'wind': 0, 'generator': 0}",285.0,798.6995,12.276000000000002,3.5
1516,-1112.643500498617,1.5761634,1113.1688882986168,0.0,585.87836226243,2.1015512000000003,585.87836226243,585.87836226243,0,"{'load': 1, 'battery': 1}",0,10.507756,2,0,0,0,0,"{'solar': 1, 'wind': 0, 'generator': 0}",285.0,37.5277,11.879999999999999,1.9
1517,-164.38618782857222,0.0009072000000000002,164.38528062857222,0.0,273.97546771428705,0.0,273.98151571428707,273.98151571428707,0,"{'load': 1, 'battery': 1}",0,0.006048000000000001,0,0,0,0,0,"{'solar': 1, 'wind': 0, 'generator': 0}",285.0,0.0216,9.936,0.6
1518,-107.60745151102242,0.001558260917283951,107.60589325010514,0.0,179.3431554168419,0.0,179.3431554168419,179.3431554168419,0,"{'load': 1, 'battery': 1}",0,0.010388000000000001,1,0,0,0,0,"{'solar': 1, 'wind': 0, 'generator': 0}",285.0,0.0371,7.2,0.6
1519,-157.41238888505825,8.150292261848458,149.2620966232098,218.39161099999998,30.378550038683045,0.0,300.37855003868304,300.37855003868304,1,"{'load': 1, 'battery': 1}",1,54.32462000000001,1,0,0,0,0,"{'solar': 1, 'wind': 0, 'generator': 0}",285.0,194.0165,1.8,0.6
1520,-340.9070595484712,36.5700342,304.3370253484712,0.0,160.17738176235326,0.0,403.97760976235327,403.97760976235327,0,"{'load': 1, 'battery': 1}",0,243.800228,0,0,0,0,0,"{'solar': 1, 'wind': 0, 'generator': 0}",285.0,870.7151,6.48,1.9
1521,-1211.334292759313,29.319515400000004,1182.014777359313,0.0,337.7185078169466,0.0,533.1819438169466,533.1819438169466,0,"{'load': 1, 'battery': 1}",0,195.46343600000003,0,0,0,0,0,"{'solar': 1, 'wind': 0, 'generator': 0}",285.0,698.0837,5.58,3.5
1522,-947.9344660011486,0.0,947.9344660011486,0.0,498.9128768427098,0.0,498.9128768427098,498.9128768427098,0,"{'load': 1, 'battery': 1}",0,0.0,0,0,0,0,0,"{'solar': 0, 'wind': 0, 'generator': 0}",285.0,23.0817,16.56,1.9
1523,-151.7899256807333,0.002499,151.7907586807333,0.0,252.98459780122215,0.0033320000000000003,252.98459780122215,252.98459780122215,0,"{'load': 1, 'battery': 0}",0,0.01666,2,0,0,0,0,"{'solar': 1, 'wind': 0, 'generator': 0}",285.0,0.0595,3.9600000000000004,0.6
1524,-102.51580668134473,0.0,102.51580668134473,0.0,170.8596778022412,0.0,170.8596778022412,170.8596778022412,0,"{'load': 1, 'battery': 1}",0,0.0,0,0,0,0,0,"{'solar': 0, 'wind': 0, 'generator': 0}",285.0,0.0371,9.684,0.6
1525,-195.30942886071435,7.06388234921358,188.24554651150078,0.0,313.742577519168,0.0,313.742577519168,313.742577519168,0,"{'load': 1, 'battery': 1}",0,47.090708,1,0,0,0,0,"{'solar': 1, 'wind': 0, 'generator': 0}",285.0,168.1811,10.404,0.6
1526,-294.44376321752736,34.4784888,259.9652744175274,0.0,136.8238286408039,0.0,366.6804206408039,366.6804206408039,0,"{'load': 1, 'battery': 1}",0,229.856592,0,0,0,0,0,"{'solar': 1, 'wind': 0, 'generator': 0}",285.0,820.9164,7.416,1.9
1527,-2425.2391294756662,14.700739133333332,2410.538390342333,270.0,418.72525438352375,0.0,516.7196263835237,516.7196263835237,1,"{'load': 1, 'battery': 1}",1,97.994372,0,0,0,0,0,"{'solar': 1, 'wind': 0, 'generator': 0}",285.0,349.9799,25.2,3.5
1528,-1110.927222413565,0.041945412230246906,1110.8852770013348,269.744374,314.9320875796499,0.0,584.9320875796499,584.9320875796499,1,"{'load': 1, 'battery': 1}",1,0.26908,1,0,0,0,0,"{'solar': 1, 'wind': 0, 'generator': 0}",285.0,0.961,24.840000000000003,1.9
1529,-150.74025905620505,0.0,150.74025905620505,0.0,251.2337650936751,0.0,251.2337650936751,251.2337650936751,0,"{'load': 1, 'battery': 1}",0,0.0,0,0,0,0,0,"{'solar': 0, 'wind': 0, 'generator': 0}",285.0,0.0178,11.16,0.6
1530,-96.16036391826061,0.0,96.16036391826061,0.0,160.26727319710102,0.0,160.26727319710102,160.26727319710102,0,"{'load': 1, 'battery': 1}",0,0.0,2,0,0,0,0,"{'solar': 0, 'wind': 0, 'generator': 0}",285.0,0.0502,1.836,0.6
1531,-173.88510944335044,2.5168164,174.72404824335044,0.0,291.2067470722507,3.3557552000000004,291.2067470722507,291.2067470722507,0,"{'load': 1, 'battery': 1}",0,16.778776,2,0,0,0,0,"{'solar': 1, 'wind': 0, 'generator': 0}",285.0,59.9242,24.084000000000003,0.6
1532,-1094.2517008688249,28.134875933333326,1066.1168249354914,270.0,291.1141183871008,0.0,304.6528515850901,457.555284,1,"{'load': 1, 'battery': 1}",1,187.55528399999997,0,0,0,0,0,"{'solar': 1, 'wind': 0, 'generator': 0}",285.0,669.8403,13.968,1.9
1533,-174.1836343385195,24.507630000000002,149.6760043385195,0.0,249.46000723086587,0.0,412.8442072308659,412.8442072308659,0,"{'load': 1, 'battery': 0}",0,163.38420000000002,0,0,0,0,0,"{'solar': 1, 'wind': 0, 'generator': 0}",285.0,583.515,5.472,0.6
1534,-503.7297854114249,0.0,503.7297854114249,0.0,559.69976156825,0.0,559.69976156825,559.69976156825,0,"{'load': 1, 'battery': 1}",0,0.0,2,0,0,0,0,"{'solar': 0, 'wind': 0, 'generator': 0}",285.0,0.0185,4.572,0.8999999999999999
1535,-124.40327449676384,0.0020454,124.40395629676384,0.0,207.33992716127307,0.002727200000000001,207.33992716127307,207.33992716127307,0,"{'load': 1, 'battery': 1}",0,0.013636000000000002,2,0,0,0,0,"{'solar': 1, 'wind': 0, 'generator': 0}",285.0,0.0487,4.824000000000001,0.6
1536,-85.26511679729325,0.003213125611111111,85.26190367168213,0.0,142.1031727861369,0.0,142.1031727861369,142.1031727861369,0,"{'load': 1, 'battery': 1}",0,0.02142,1,0,0,0,0,"{'solar': 1, 'wind': 0, 'generator': 0}",285.0,0.0765,15.3,0.6
1537,-178.11307330588534,1.9784495437691358,176.1346237621162,0.0,293.5577062701937,0.0,293.5577062701937,293.5577062701937,0,"{'load': 1, 'battery': 1}",0,13.189148000000001,1,0,0,0,0,"{'solar': 1, 'wind': 0, 'generator': 0}",285.0,47.1041,1.836,0.6
1538,-151.43051189972624,27.326670000000004,160.53940189972624,0.0,267.56566983287706,36.43556,267.56566983287706,267.56566983287706,0,"{'load': 1, 'battery': 1}",0,182.17780000000002,2,0,0,0,0,"{'solar': 1, 'wind': 0, 'generator': 0}",285.0,650.635,2.9160000000000004,0.6
1539,-154.34930883557575,18.453283799999998,135.89602503557575,0.0,226.49337505929293,0.0,349.5152670592929,349.5152670592929,0,"{'load': 1, 'battery': 1}",0,123.021892,0,0,0,0,0,"{'solar': 1, 'wind': 0, 'generator': 0}",285.0,439.3639,7.992000000000001,0.6
1540,-451.87285089999705,0.0025619999999999996,451.87370489999705,0.0,502.0818943333301,0.0034159999999999998,502.0818943333301,502.0818943333301,0,"{'load': 1, 'battery': 1}",0,0.017079999999999998,2,0,0,0,0,"{'solar': 1, 'wind': 0, 'generator': 0}",285.0,0.061,40.464,0.8999999999999999
1541,-161.59443323658033,0.0020454,161.59511503658035,0.0,269.3251917276339,0.002727200000000001,269.3251917276339,269.3251917276339,0,"{'load': 1, 'battery': 1}",0,0.013636000000000002,2,0,0,0,0,"{'solar': 1, 'wind': 0, 'generator': 0}",285.0,0.0487,14.832,0.6
1542,-81.17022422344733,0.0032761280740740742,81.16694809537326,0.0,135.2782468256221,0.0,135.2782468256221,135.2782468256221,0,"{'load': 1, 'battery': 1}",0,0.021840000000000002,1,0,0,0,0,"{'solar': 1, 'wind': 0, 'generator': 0}",285.0,0.078,15.371999999999998,0.6
1543,-177.4689606196686,0.0,177.4689606196686,0.0,295.781601032781,0.0,295.781601032781,295.781601032781,0,"{'load': 1, 'battery': 1}",0,0.0,1,0,0,0,0,"{'solar': 0, 'wind': 0, 'generator': 0}",285.0,5.7153,14.508000000000001,0.6
1544,-78.72258219048474,24.8015376,53.92104459048475,0.0,89.86840765080791,0.0,255.2119916508079,255.2119916508079,0,"{'load': 1, 'battery': 1}",0,165.343584,0,0,0,0,0,"{'solar': 1, 'wind': 0, 'generator': 0}",285.0,590.5128,25.776,0.6
1545,-178.72725294525634,15.064485317760495,163.66276762749584,0.0,272.77127937915975,0.0,272.77127937915975,272.77127937915975,0,"{'load': 1, 'battery': 1}",0,100.425976,1,0,0,0,0,"{'solar': 1, 'wind': 0, 'generator': 0}",285.0,358.6642,5.148,0.6
1546,-434.7489732301381,0.0010038,434.74796943013814,0.0,483.0532993668202,0.0,483.0599913668202,483.0599913668202,0,"{'load': 1, 'battery': 1}",0,0.006692,0,0,0,0,0,"{'solar': 1, 'wind': 0, 'generator': 0}",285.0,0.0239,39.744,0.8999999999999999
1547,-159.13998325115213,0.0,159.13998325115213,0.0,265.2333054185869,0.0,265.2333054185869,265.2333054185869,0,"{'load': 1, 'battery': 1}",0,0.0,0,0,0,0,0,"{'solar': 0, 'wind': 0, 'generator': 0}",285.0,0.034,0.396,0.6
1548,-125.85478095032525,0.0002604,125.85452055032525,0.0,209.75753425054208,0.0,209.75927025054207,209.75927025054207,0,"{'load': 1, 'battery': 0}",0,0.001736,0,0,0,0,0,"{'solar': 1, 'wind': 0, 'generator': 0}",285.0,0.0062,6.048,0.6
1549,-243.14730602511176,0.068103,243.07920302511175,0.0,405.13200504185295,0.0,405.58602504185296,405.58602504185296,0,"{'load': 1, 'battery': 1}",0,0.45402,0,0,0,0,0,"{'solar': 1, 'wind': 0, 'generator': 0}",285.0,1.6215,19.332,0.6
1550,-128.77117327856402,21.360906000000004,107.410267278564,0.0,179.01711213094,0.0,321.42315213094,321.42315213094,0,"{'load': 1, 'battery': 1}",0,142.40604000000002,0,0,0,0,0,"{'solar': 1, 'wind': 0, 'generator': 0}",285.0,508.593,4.392,0.6
1551,-178.27473405067533,0.0,178.27473405067533,0.0,297.12455675112557,0.0,297.12455675112557,297.12455675112557,0,"{'load': 1, 'battery': 0}",0,0.0,2,0,0,0,0,"{'solar': 0, 'wind': 0, 'generator': 0}",285.0,176.9505,11.376000000000001,0.6
1552,-482.5797535179713,0.0,482.5797535179713,0.0,536.1997261310793,0.0,536.1997261310793,536.1997261310793,0,"{'load': 1, 'battery': 1}",0,0.0,0,0,0,0,0,"{'solar': 0, 'wind': 0, 'generator': 0}",285.0,0.041,23.184,0.8999999999999999
1553,-200.70567523309242,0.0054809409520987645,200.7001942921403,269.9753152,64.52500862023385,0.0,334.52500862023385,334.52500862023385,1,"{'load': 1, 'battery': 1}",1,0.025983999999999997,1,0,0,0,0,"{'solar': 1, 'wind': 0, 'generator': 0}",285.0,0.0928,6.12,0.6
1554,-180.727955697635,0.0,180.727955697635,0.0,301.21325949605836,0.0,301.21325949605836,301.21325949605836,0,"{'load': 1, 'battery': 1}",0,0.0,0,0,0,0,0,"{'solar': 1, 'wind': 0, 'generator': 0}",285.0,0.0,2.52,0.6
1555,-287.77046038764337,0.016061427891358025,287.754398959752,0.0,479.59066493292,0.0,479.59066493292,479.59066493292,0,"{'load': 1, 'battery': 1}",0,0.107072,1,0,0,0,0,"{'solar': 1, 'wind': 0, 'generator': 0}",285.0,0.3824,8.712,0.6
1556,-217.44181291491577,21.327343799999998,224.55092751491577,0.0,374.25154585819297,28.4364584,374.25154585819297,374.25154585819297,0,"{'load': 1, 'battery': 1}",0,142.182292,2,0,0,0,0,"{'solar': 1, 'wind': 0, 'generator': 0}",285.0,507.7939,6.408,0.6
1557,-407.78328752363757,17.9422362,89.84105132363756,0.0,149.73508553939593,0.0,314.93740923174613,119.61490800000001,0,"{'load': 0, 'battery': 0}",0,119.61490800000001,0,0,0,0,0,"{'solar': 1, 'wind': 0, 'generator': 0}",285.0,427.1961,25.992,0.6
1558,-485.2544515274074,0.0,485.2544515274074,0.0,539.1716128082305,0.0,539.1716128082305,539.1716128082305,0,"{'load': 1, 'battery': 1}",0,0.0,1,0,0,0,0,"{'solar': 0, 'wind': 0, 'generator': 0}",285.0,0.044,16.272,0.8999999999999999
1559,-195.43333295913297,0.0020454,195.43128755913298,0.0,325.71881259855496,0.0,325.732448598555,325.732448598555,0,"{'load': 1, 'battery': 1}",0,0.013636000000000002,0,0,0,0,0,"{'solar': 1, 'wind': 0, 'generator': 0}",285.0,0.0487,8.64,0.6
1560,-145.9280921318353,0.0,145.9280921318353,0.0,243.21348688639222,0.0,243.21348688639222,243.21348688639222,0,"{'load': 1, 'battery': 0}",0,0.0,0,0,0,0,0,"{'solar': 0, 'wind': 0, 'generator': 0}",285.0,0.0765,29.088,0.6
1561,-280.85340801777585,0.0,280.85340801777585,0.0,468.08901336295975,0.0,468.08901336295975,468.08901336295975,0,"{'load': 1, 'battery': 1}",0,0.0,1,0,0,0,0,"{'solar': 0, 'wind': 0, 'generator': 0}",285.0,1.1244,20.52,0.6
1562,-231.0361131561359,0.0,231.0361131561359,0.0,385.0601885935599,0.0,385.0601885935599,385.0601885935599,0,"{'load': 1, 'battery': 1}",0,0.0,0,0,0,0,0,"{'solar': 0, 'wind': 0, 'generator': 0}",285.0,572.0304,25.056,0.6
1563,-174.2261774368851,0.0,174.2261774368851,0.0,290.3769623948085,0.0,290.3769623948085,290.3769623948085,0,"{'load': 1, 'battery': 1}",0,0.0,0,0,0,0,0,"{'solar': 0, 'wind': 0, 'generator': 0}",285.0,522.5486,21.564,0.6
1564,-475.2878443063544,0.0001302,475.28788770635435,0.0,528.0976530070604,0.0001736,528.0976530070604,528.0976530070604,0,"{'load': 1, 'battery': 1}",0,0.000868,2,0,0,0,0,"{'solar': 1, 'wind': 0, 'generator': 0}",285.0,0.0031,19.98,0.8999999999999999
1565,-177.94315422801552,0.0009072000000000002,177.94224702801552,0.0,296.5704117133592,0.0,296.5764597133592,296.5764597133592,0,"{'load': 1, 'battery': 1}",0,0.006048000000000001,0,0,0,0,0,"{'solar': 1, 'wind': 0, 'generator': 0}",285.0,0.0216,4.212,0.6
1566,-111.0967589704944,0.0,111.0967589704944,0.0,185.161264950824,0.0,185.161264950824,185.161264950824,0,"{'load': 1, 'battery': 1}",0,0.0,1,0,0,0,0,"{'solar': 0, 'wind': 0, 'generator': 0}",285.0,0.0757,18.144000000000002,0.6
1567,-219.20183270480393,0.5559456,218.64588710480393,0.0,364.4098118413399,0.0,368.1161158413399,368.1161158413399,0,"{'load': 1, 'battery': 1}",0,3.7063040000000003,0,0,0,0,0,"{'solar': 1, 'wind': 0, 'generator': 0}",285.0,13.2368,6.6240000000000006,0.6
1568,-172.91500720038545,0.0,172.91500720038545,0.0,288.1916786673091,0.0,288.1916786673091,288.1916786673091,0,"{'load': 1, 'battery': 1}",0,0.0,0,0,0,0,0,"{'solar': 0, 'wind': 0, 'generator': 0}",285.0,646.8211,11.592,0.6
1569,-151.23466167626202,0.0,151.23466167626202,0.0,252.05776946043673,0.0,252.05776946043673,252.05776946043673,0,"{'load': 1, 'battery': 0}",0,0.0,0,0,0,0,0,"{'solar': 0, 'wind': 0, 'generator': 0}",285.0,416.9447,43.2,0.6
1570,-441.0752831299801,0.0,441.0752831299801,0.0,490.08364792220016,0.0,490.08364792220016,490.08364792220016,0,"{'load': 1, 'battery': 1}",0,0.0,0,0,0,0,0,"{'solar': 0, 'wind': 0, 'generator': 0}",285.0,0.3807,23.364,0.8999999999999999
1571,-177.0511636203524,0.007530599999999999,177.04363302035242,0.0,295.07272170058735,0.0,295.12292570058736,295.12292570058736,0,"{'load': 1, 'battery': 1}",0,0.050204,0,0,0,0,0,"{'solar': 1, 'wind': 0, 'generator': 0}",285.0,0.1793,22.715999999999998,0.6
1572,-92.00487958200301,0.0,92.00487958200301,0.0,153.34146597000503,0.0,153.34146597000503,153.34146597000503,0,"{'load': 1, 'battery': 1}",0,0.0,0,0,0,0,0,"{'solar': 0, 'wind': 0, 'generator': 0}",285.0,0.0,22.824,0.6
1573,-207.43637210176564,2.6613258000000006,204.77504630176563,0.0,341.29174383627605,0.0,359.03391583627604,359.03391583627604,0,"{'load': 1, 'battery': 1}",0,17.742172000000004,0,0,0,0,0,"{'solar': 1, 'wind': 0, 'generator': 0}",285.0,63.3649,1.8,0.6
1574,-243.05720364707219,18.717761933333332,249.29434651373887,270.0,145.49057752289815,24.9549048,238.4736586457089,270.0,1,"{'load': 1, 'battery': 1}",1,124.774524,2,0,0,0,0,"{'solar': 1, 'wind': 0, 'generator': 0}",285.0,445.6233,11.592,0.6
1575,-68.53807967196892,28.3024686,40.23561107196891,0.0,67.05935178661485,0.0,255.74247578661488,255.74247578661488,0,"{'load': 1, 'battery': 1}",0,188.68312400000002,0,0,0,0,0,"{'solar': 1, 'wind': 0, 'generator': 0}",285.0,673.8683,10.152,0.6
1576,-350.5821602216487,0.0,350.5821602216487,0.0,389.53573357960965,0.0,389.53573357960965,389.53573357960965,0,"{'load': 1, 'battery': 1}",0,0.0,0,0,0,0,0,"{'solar': 0, 'wind': 0, 'generator': 0}",285.0,1.8647,28.152,0.8999999999999999
1577,-110.14694453881434,0.0,110.14694453881434,0.0,183.5782408980239,0.0,183.5782408980239,183.5782408980239,0,"{'load': 1, 'battery': 1}",0,0.0,0,0,0,0,0,"{'solar': 1, 'wind': 0, 'generator': 0}",285.0,0.0,19.836,0.6
1578,-83.60226546397267,0.0,83.60226546397267,0.0,139.3371091066211,0.0,139.3371091066211,139.3371091066211,0,"{'load': 1, 'battery': 1}",0,0.0,2,0,0,0,0,"{'solar': 0, 'wind': 0, 'generator': 0}",285.0,0.0,13.356,0.6
1579,-167.1636625025864,6.963473223907407,160.20018927867898,0.0,267.00031546446496,0.0,267.00031546446496,267.00031546446496,0,"{'load': 1, 'battery': 1}",0,46.42134,1,0,0,0,0,"{'solar': 1, 'wind': 0, 'generator': 0}",285.0,165.7905,24.12,0.6
1580,-54.132299294204834,29.3276214,24.804677894204833,0.0,41.34112982367472,0.0,236.85860582367474,236.85860582367474,0,"{'load': 1, 'battery': 0}",0,195.51747600000002,0,0,0,0,0,"{'solar': 1, 'wind': 0, 'generator': 0}",285.0,698.2767,3.6,0.6
1581,-178.23979798681873,31.142836199999998,188.62074338681873,0.0,314.3679056446979,41.52378160000001,314.3679056446979,314.3679056446979,0,"{'load': 1, 'battery': 1}",0,207.618908,2,0,0,0,0,"{'solar': 1, 'wind': 0, 'generator': 0}",285.0,741.4961,17.568,0.6
1582,-411.3151742972426,0.0,411.3151742972426,0.0,457.0168603302696,0.0,457.0168603302696,457.0168603302696,0,"{'load': 1, 'battery': 0}",0,0.0,1,0,0,0,0,"{'solar': 0, 'wind': 0, 'generator': 0}",285.0,17.1302,25.56,0.8999999999999999
1583,-332.9091931895621,0.0015833333333333333,332.90760985622876,270.0,284.846016427048,0.0,195.8218196421641,270.0,1,"{'load': 1, 'battery': 1}",1,0.0,1,0,0,0,0,"{'solar': 0, 'wind': 0, 'generator': 0}",285.0,0.1004,3.24,0.6
1584,-85.05715308708658,0.0,85.05715308708658,0.0,141.76192181181096,0.0,141.76192181181096,141.76192181181096,0,"{'load': 1, 'battery': 1}",0,0.0,2,0,0,0,0,"{'solar': 1, 'wind': 0, 'generator': 0}",285.0,0.0,4.6080000000000005,0.6
1585,-129.52749106265028,9.549078000000002,119.97841306265029,0.0,199.96402177108382,0.0,263.62454177108384,263.62454177108384,0,"{'load': 1, 'battery': 1}",0,63.66052000000001,0,0,0,0,0,"{'solar': 1, 'wind': 0, 'generator': 0}",285.0,227.359,13.644,0.6
1586,-551.4713528344535,0.0,551.4713528344535,0.0,290.248080439186,0.0,290.248080439186,290.248080439186,0,"{'load': 1, 'battery': 1}",0,0.0,2,0,0,0,0,"{'solar': 0, 'wind': 0, 'generator': 0}",285.0,947.708,5.688000000000001,1.9
1587,-645.5352519833856,29.477632800000002,616.0576191833856,0.0,176.01646262382445,0.0,372.5340146238245,372.5340146238245,0,"{'load': 1, 'battery': 1}",0,196.51755200000002,0,0,0,0,0,"{'solar': 1, 'wind': 0, 'generator': 0}",285.0,701.8484,17.388,3.5
1588,-944.4199520825945,0.0,944.4199520825945,0.0,497.06313267504976,0.0,497.06313267504976,497.06313267504976,0,"{'load': 1, 'battery': 0}",0,0.0,0,0,0,0,0,"{'solar': 0, 'wind': 0, 'generator': 0}",285.0,15.3886,21.6,1.9
1589,-138.46555390025586,0.0,138.46555390025586,0.0,230.77592316709308,0.0,230.77592316709308,230.77592316709308,0,"{'load': 1, 'battery': 1}",0,0.0,1,0,0,0,0,"{'solar': 0, 'wind': 0, 'generator': 0}",285.0,0.0943,9.18,0.6
1590,-92.04986454970431,0.0,92.04986454970431,0.0,153.41644091617385,0.0,153.41644091617385,153.41644091617385,0,"{'load': 1, 'battery': 0}",0,0.0,0,0,0,0,0,"{'solar': 1, 'wind': 0, 'generator': 0}",285.0,0.0,0.5040000000000001,0.6
1591,-166.89409587465312,0.0,166.89409587465312,0.0,278.1568264577552,0.0,278.1568264577552,278.1568264577552,0,"{'load': 1, 'battery': 1}",0,0.0,1,0,0,0,0,"{'solar': 0, 'wind': 0, 'generator': 0}",285.0,283.1229,3.6,0.6
1592,-148.06315751805957,38.423389199999995,109.63976831805957,0.0,57.70514122003135,0.0,313.8610692200313,313.8610692200313,0,"{'load': 1, 'battery': 1}",0,256.15592799999996,0,0,0,0,0,"{'solar': 1, 'wind': 0, 'generator': 0}",285.0,914.8426,12.420000000000002,1.9
1593,-827.774070682754,33.821906999999996,793.952163682754,0.0,226.8434753379297,0.0,452.3228553379297,452.3228553379297,0,"{'load': 1, 'battery': 1}",0,225.47938,0,0,0,0,0,"{'solar': 1, 'wind': 0, 'generator': 0}",285.0,805.2835,10.908,3.5
1594,-997.0364137476975,0.0,997.0364137476975,0.0,524.7560072356302,0.0,524.7560072356302,524.7560072356302,0,"{'load': 1, 'battery': 1}",0,0.0,0,0,0,0,0,"{'solar': 0, 'wind': 0, 'generator': 0}",285.0,70.1155,7.272,1.9
1595,-147.11678910999464,0.0,147.11678910999464,0.0,245.19464851665776,0.0,245.19464851665776,245.19464851665776,0,"{'load': 1, 'battery': 1}",0,0.0,0,0,0,0,0,"{'solar': 0, 'wind': 0, 'generator': 0}",285.0,0.0039,20.52,0.6
1596,-96.54967798855797,0.005514600000000001,96.54416338855798,0.0,160.90693898092997,0.0,160.94370298092997,160.94370298092997,0,"{'load': 1, 'battery': 1}",0,0.036764000000000005,0,0,0,0,0,"{'solar': 1, 'wind': 0, 'generator': 0}",285.0,0.1313,5.688000000000001,0.6
1597,-157.15274253194943,3.0032813999999997,154.14946113194944,0.0,256.91576855324905,0.0,276.9376445532491,276.9376445532491,0,"{'load': 1, 'battery': 1}",0,20.021876,0,0,0,0,0,"{'solar': 1, 'wind': 0, 'generator': 0}",285.0,71.5067,3.2760000000000002,0.6
1598,-287.5487205451073,38.0404416,249.50827894510732,0.0,131.3201468132144,0.0,384.9230908132144,384.9230908132144,0,"{'load': 1, 'battery': 1}",0,253.602944,0,0,0,0,0,"{'solar': 1, 'wind': 0, 'generator': 0}",285.0,905.7248,0.36000000000000004,1.9
1599,-1092.8267923198432,34.316688,1058.510104319843,0.0,302.431458377098,0.0,531.209378377098,531.209378377098,0,"{'load': 1, 'battery': 1}",0,228.77792,0,0,0,0,0,"{'solar': 1, 'wind': 0, 'generator': 0}",285.0,817.064,1.9440000000000002,3.5
1600,-1101.0922884752754,0.0,1101.0922884752754,0.0,579.5222570922502,0.0,579.5222570922502,579.5222570922502,0,"{'load': 1, 'battery': 1}",0,0.0,0,0,0,0,0,"{'solar': 0, 'wind': 0, 'generator': 0}",285.0,66.9443,7.5600000000000005,1.9
1601,-167.14086221896565,0.0,167.14086221896565,0.0,278.5681036982761,0.0,278.5681036982761,278.5681036982761,0,"{'load': 1, 'battery': 0}",0,0.0,0,0,0,0,0,"{'solar': 0, 'wind': 0, 'generator': 0}",285.0,0.0348,19.656,0.6
1602,-107.31148684670956,0.0005208203604938271,107.31096602634906,0.0,178.85161004391512,0.0,178.85161004391512,178.85161004391512,0,"{'load': 1, 'battery': 1}",0,0.003472,1,0,0,0,0,"{'solar': 1, 'wind': 0, 'generator': 0}",285.0,0.0124,7.128,0.6
1603,-183.87353160851322,2.7895686000000004,184.80338780851324,0.0,308.0056463475221,3.719424800000001,308.0056463475221,308.0056463475221,0,"{'load': 1, 'battery': 1}",0,18.597124000000004,2,0,0,0,0,"{'solar': 1, 'wind': 0, 'generator': 0}",285.0,66.4183,18.791999999999998,0.6
1604,-762.518877800901,37.74814829296174,724.7707295079392,0.0,381.4582786883891,0.0,381.4582786883891,381.4582786883891,0,"{'load': 1, 'battery': 1}",0,251.64448400000006,1,0,0,0,0,"{'solar': 1, 'wind': 0, 'generator': 0}",285.0,898.7303,8.64,1.9
1605,-1257.816340470921,27.7139016,1230.1024388709209,0.0,351.45783967740596,0.0,536.217183677406,536.217183677406,0,"{'load': 1, 'battery': 1}",0,184.759344,0,0,0,0,0,"{'solar': 1, 'wind': 0, 'generator': 0}",285.0,659.8548,2.592,3.5
1606,-1127.9727579682972,1.3757142,1126.5970437682972,0.0,592.9458125096302,0.0,602.1172405096302,602.1172405096302,0,"{'load': 1, 'battery': 1}",0,9.171428,0,0,0,0,0,"{'solar': 1, 'wind': 0, 'generator': 0}",285.0,32.7551,18.503999999999998,1.9
1607,-166.37256651780527,0.0,166.37256651780527,0.0,277.2876108630088,0.0,277.2876108630088,277.2876108630088,0,"{'load': 1, 'battery': 1}",0,0.0,1,0,0,0,0,"{'solar': 0, 'wind': 0, 'generator': 0}",285.0,0.0603,12.78,0.6
1608,-96.58093502390999,0.0,96.58093502390999,0.0,160.96822503984998,0.0,160.96822503984998,160.96822503984998,0,"{'load': 1, 'battery': 1}",0,0.0,1,0,0,0,0,"{'solar': 0, 'wind': 0, 'generator': 0}",285.0,0.0224,14.292000000000002,0.6
1609,-130.79432265102218,0.0,130.79432265102218,0.0,217.99053775170367,0.0,217.99053775170367,217.99053775170367,0,"{'load': 1, 'battery': 1}",0,0.0,1,0,0,0,0,"{'solar': 0, 'wind': 0, 'generator': 0}",285.0,60.789,11.484,0.6
1610,-947.360106365427,0.0,647.360106365427,0.0,340.7158454554879,0.0,358.60338681649876,0.0,0,"{'load': 0, 'battery': 0}",0,0.0,0,0,0,0,0,"{'solar': 0, 'wind': 0, 'generator': 0}",285.0,865.6373,30.96,1.9
1611,-1947.699000742572,29.338823146188894,1918.3601775963832,0.0,548.1029078846809,0.0,548.1029078846809,548.1029078846809,0,"{'load': 1, 'battery': 1}",0,195.58450800000003,1,0,0,0,0,"{'solar': 1, 'wind': 0, 'generator': 0}",285.0,698.5161,27.612000000000002,3.5
1612,-1100.6059091612208,0.0,1100.6059091612208,0.0,579.2662679795899,0.0,579.2662679795899,579.2662679795899,0,"{'load': 1, 'battery': 1}",0,0.0,0,0,0,0,0,"{'solar': 0, 'wind': 0, 'generator': 0}",285.0,4.0001,21.240000000000002,1.9
1613,-161.56711321931363,0.0015582000000000003,161.56763261931363,0.0,269.27938769885606,0.0020776,269.27938769885606,269.27938769885606,0,"{'load': 1, 'battery': 1}",0,0.010388000000000001,2,0,0,0,0,"{'solar': 1, 'wind': 0, 'generator': 0}",285.0,0.0371,12.6,0.6
1614,-99.66265606682408,0.003960599999999999,99.65869546682408,0.0,166.09782577804015,0.0,166.12422977804016,166.12422977804016,0,"{'load': 1, 'battery': 1}",0,0.026403999999999997,0,0,0,0,0,"{'solar': 1, 'wind': 0, 'generator': 0}",285.0,0.0943,2.088,0.6
1615,-15.571042537177117,0.0,15.571042537177117,0.0,25.951737561961863,0.0,295.95173756196186,295.95173756196186,1,"{'load': 1, 'battery': 0}",1,0.0,1,0,0,0,0,"{'solar': 0, 'wind': 0, 'generator': 0}",15.0,122.7231,11.268,0.6
1616,-640.4859255125483,0.0,640.4859255125483,0.0,337.09785553292016,0.0,337.09785553292016,337.09785553292016,0,"{'load': 1, 'battery': 1}",0,0.0,0,0,0,0,0,"{'solar': 0, 'wind': 0, 'generator': 0}",285.0,771.9781,13.212,1.9
1617,-1054.428660256848,25.742404800000003,1028.686255456848,0.0,293.91035870195657,0.0,465.5263907019566,465.5263907019566,0,"{'load': 1, 'battery': 1}",0,171.61603200000002,0,0,0,0,0,"{'solar': 1, 'wind': 0, 'generator': 0}",285.0,612.9144,15.156,3.5
1618,-1062.979400460496,0.0,1062.979400460496,0.0,559.4628423476295,0.0,559.4628423476295,559.4628423476295,0,"{'load': 1, 'battery': 1}",0,0.0,0,0,0,0,0,"{'solar': 0, 'wind': 0, 'generator': 0}",285.0,0.0672,3.204,1.9
1619,-130.59352909264564,0.0,130.59352909264564,0.0,217.6558818210761,0.0,217.6558818210761,217.6558818210761,0,"{'load': 1, 'battery': 1}",0,0.0,0,0,0,0,0,"{'solar': 0, 'wind': 0, 'generator': 0}",285.0,0.0664,15.947999999999999,0.6
1620,-91.66033821015772,0.0023351999999999995,91.65800301015771,0.0,152.76333835026287,0.0,152.77890635026287,152.77890635026287,0,"{'load': 1, 'battery': 1}",0,0.015567999999999999,0,0,0,0,0,"{'solar': 1, 'wind': 0, 'generator': 0}",285.0,0.0556,12.816,0.6
1621,-181.77405598216788,0.0,181.77405598216788,0.0,302.9567599702798,0.0,302.9567599702798,302.9567599702798,0,"{'load': 1, 'battery': 1}",0,0.0,0,0,0,0,0,"{'solar': 0, 'wind': 0, 'generator': 0}",285.0,40.9305,1.836,0.6
1622,-164.35095989252517,29.139705,174.0641948925252,0.0,290.106991487542,38.852940000000004,290.106991487542,290.106991487542,0,"{'load': 1, 'battery': 1}",0,194.2647,2,0,0,0,0,"{'solar': 1, 'wind': 0, 'generator': 0}",285.0,693.8025,7.704000000000001,0.6
1623,-194.6029997300879,13.066195800000001,181.5368039300879,0.0,302.56133988347983,0.0,389.66931188347985,389.66931188347985,0,"{'load': 1, 'battery': 1}",0,87.107972,0,0,0,0,0,"{'solar': 1, 'wind': 0, 'generator': 0}",285.0,311.0999,5.688000000000001,0.6
1624,-443.97467627567147,0.001331452050617284,443.97334482362083,0.0,493.3037164706899,0.0,493.3037164706899,493.3037164706899,0,"{'load': 1, 'battery': 1}",0,0.008876,1,0,0,0,0,"{'solar': 1, 'wind': 0, 'generator': 0}",285.0,0.0317,10.836,0.8999999999999999
1625,-118.8070622154612,0.0034398000000000002,118.8082088154612,0.0,198.013681359102,0.0045864,198.013681359102,198.013681359102,0,"{'load': 1, 'battery': 1}",0,0.022932,2,0,0,0,0,"{'solar': 1, 'wind': 0, 'generator': 0}",285.0,0.0819,4.032000000000001,0.6
1626,-83.11821079279017,0.0,83.11821079279017,0.0,138.53035132131694,0.0,138.53035132131694,138.53035132131694,0,"{'load': 1, 'battery': 1}",0,0.0,0,0,0,0,0,"{'solar': 0, 'wind': 0, 'generator': 0}",285.0,0.0889,18.791999999999998,0.6
1627,-186.30415591694646,1.2513564,186.72127471694645,0.0,311.2021245282441,1.6684752,311.2021245282441,311.2021245282441,0,"{'load': 1, 'battery': 1}",0,8.342376,2,0,0,0,0,"{'solar': 1, 'wind': 0, 'generator': 0}",285.0,29.7942,0.0,0.6
1628,-89.49233450963881,25.7340132,63.75832130963881,0.0,106.26386884939802,0.0,277.82395684939803,277.82395684939803,0,"{'load': 1, 'battery': 1}",0,171.560088,0,0,0,0,0,"{'solar': 1, 'wind': 0, 'generator': 0}",285.0,612.7146,7.308,0.6
1629,-119.85730250709071,16.0307994,103.8265031070907,0.0,173.04417184515117,0.0,279.91616784515116,279.91616784515116,0,"{'load': 1, 'battery': 1}",0,106.871996,0,0,0,0,0,"{'solar': 1, 'wind': 0, 'generator': 0}",285.0,381.6857,66.744,0.6
1630,-454.29764034589243,0.0027888,454.29856994589244,0.0,504.7761888287694,0.0037184,504.7761888287694,504.7761888287694,0,"{'load': 1, 'battery': 1}",0,0.018592,2,0,0,0,0,"{'solar': 1, 'wind': 0, 'generator': 0}",285.0,0.0664,13.284,0.8999999999999999
1631,-154.1670939236027,0.002205086203703704,154.164888837399,0.0,256.941481395665,0.0,256.941481395665,256.941481395665,0,"{'load': 1, 'battery': 1}",0,0.014700000000000001,1,0,0,0,0,"{'solar': 1, 'wind': 0, 'generator': 0}",285.0,0.0525,9.0,0.6
1632,-81.15378686702765,0.0,81.15378686702765,0.0,135.2563114450461,0.0,135.2563114450461,135.2563114450461,0,"{'load': 1, 'battery': 1}",0,0.0,0,0,0,0,0,"{'solar': 0, 'wind': 0, 'generator': 0}",285.0,0.0603,38.7,0.6
1633,-184.82163025156493,0.0779184,184.74371185156494,0.0,307.9061864192749,0.0,308.4256424192749,308.4256424192749,0,"{'load': 1, 'battery': 1}",0,0.519456,0,0,0,0,0,"{'solar': 1, 'wind': 0, 'generator': 0}",285.0,1.8552,6.8759999999999994,0.6
1634,-151.42831046531577,0.0,151.42831046531577,0.0,252.38051744219297,0.0,252.38051744219297,252.38051744219297,0,"{'load': 1, 'battery': 1}",0,0.0,1,0,0,0,0,"{'solar': 0, 'wind': 0, 'generator': 0}",285.0,134.0023,11.520000000000001,0.6
1635,-181.6366214309101,0.0,181.6366214309101,0.0,302.7277023848502,0.0,302.7277023848502,302.7277023848502,0,"{'load': 1, 'battery': 1}",0,0.0,0,0,0,0,0,"{'solar': 0, 'wind': 0, 'generator': 0}",285.0,256.7014,15.984000000000002,0.6
1636,-473.3583101655784,0.0008778000000000001,473.3574323655784,0.0,525.9527026284205,0.0,525.9585546284205,525.9585546284205,0,"{'load': 1, 'battery': 1}",0,0.005852,0,0,0,0,0,"{'solar': 1, 'wind': 0, 'generator': 0}",285.0,0.0209,20.304,0.8999999999999999
1637,-191.087672664858,0.0024654000000000004,191.08520726485798,0.0,318.47534544142997,0.0,318.49178144142996,318.49178144142996,0,"{'load': 1, 'battery': 0}",0,0.016436000000000003,0,0,0,0,0,"{'solar': 1, 'wind': 0, 'generator': 0}",285.0,0.0587,8.604000000000001,0.6
1638,-146.1377841214332,0.0033137999999999996,146.1344703214332,0.0,243.55745053572204,0.0,243.57954253572203,243.57954253572203,0,"{'load': 1, 'battery': 1}",0,0.022091999999999997,0,0,0,0,0,"{'solar': 1, 'wind': 0, 'generator': 0}",285.0,0.0789,14.544,0.6
1639,-287.7201770499995,0.05885460000000001,287.6613224499995,0.0,479.43553741666585,0.0,479.82790141666584,479.82790141666584,0,"{'load': 1, 'battery': 1}",0,0.39236400000000005,0,0,0,0,0,"{'solar': 1, 'wind': 0, 'generator': 0}",285.0,1.4013,11.088000000000001,0.6
1640,-102.22590721207735,19.8780708,82.34783641207734,0.0,137.24639402012892,0.0,269.76686602012893,269.76686602012893,0,"{'load': 1, 'battery': 1}",0,132.520472,0,0,0,0,0,"{'solar': 1, 'wind': 0, 'generator': 0}",285.0,473.2874,15.192,0.6
1641,-134.11257096761577,16.2114036,117.90116736761577,0.0,196.50194561269296,0.0,304.577969612693,304.577969612693,0,"{'load': 1, 'battery': 1}",0,108.076024,0,0,0,0,0,"{'solar': 1, 'wind': 0, 'generator': 0}",285.0,385.9858,20.88,0.6
1642,-496.7424819632486,0.002045479964197531,496.74043648328444,0.0,551.9338183147605,0.0,551.9338183147605,551.9338183147605,0,"{'load': 1, 'battery': 1}",0,0.013636000000000002,1,0,0,0,0,"{'solar': 1, 'wind': 0, 'generator': 0}",285.0,0.0487,14.76,0.8999999999999999
1643,-203.02099515650644,0.0019152,203.01907995650643,0.0,338.36513326084406,0.0,338.37790126084406,338.37790126084406,0,"{'load': 1, 'battery': 1}",0,0.012768,0,0,0,0,0,"{'solar': 1, 'wind': 0, 'generator': 0}",285.0,0.0456,19.404,0.6
1644,-161.985662855235,0.0,161.985662855235,0.0,269.976104758725,0.0,269.976104758725,269.976104758725,0,"{'load': 1, 'battery': 1}",0,0.0,0,0,0,0,0,"{'solar': 0, 'wind': 0, 'generator': 0}",285.0,0.0155,27.072,0.6
1645,-312.4319213249641,0.0,312.4319213249641,0.0,520.7198688749402,0.0,520.7198688749402,520.7198688749402,0,"{'load': 1, 'battery': 1}",0,0.0,0,0,0,0,0,"{'solar': 0, 'wind': 0, 'generator': 0}",285.0,1.3777,13.104000000000001,0.6
1646,-152.71880551454694,9.817285799999999,142.90151971454694,0.0,238.1691995242449,0.0,303.6177715242449,303.6177715242449,0,"{'load': 1, 'battery': 1}",0,65.448572,0,0,0,0,0,"{'solar': 1, 'wind': 0, 'generator': 0}",285.0,233.7449,24.804,0.6
1647,-166.7700791444917,0.0,166.7700791444917,0.0,277.95013190748614,0.0,277.95013190748614,277.95013190748614,0,"{'load': 1, 'battery': 1}",0,0.0,0,0,0,0,0,"{'solar': 0, 'wind': 0, 'generator': 0}",285.0,468.5997,15.947999999999999,0.6
1648,-480.07209940850316,0.0030829205209876548,480.0690164879822,0.0,533.4100183199803,0.0,533.4100183199803,533.4100183199803,0,"{'load': 1, 'battery': 1}",0,0.020552000000000004,1,0,0,0,0,"{'solar': 1, 'wind': 0, 'generator': 0}",285.0,0.0734,53.496,0.8999999999999999
1649,-233.535152098045,0.0,233.535152098045,0.0,389.2252534967417,0.0,389.2252534967417,389.2252534967417,0,"{'load': 1, 'battery': 1}",0,0.0,0,0,0,0,0,"{'solar': 0, 'wind': 0, 'generator': 0}",285.0,0.0348,47.519999999999996,0.6
1650,-134.53329487550272,0.0018186,134.5314762755027,0.0,224.21912712583787,0.0,224.23125112583787,224.23125112583787,0,"{'load': 1, 'battery': 1}",0,0.012124000000000001,0,0,0,0,0,"{'solar': 1, 'wind': 0, 'generator': 0}",285.0,0.0433,17.352,0.6
1651,-284.073735328588,0.1450302,284.12207872858795,0.0,473.5367978809799,0.19337360000000003,473.5367978809799,473.5367978809799,0,"{'load': 1, 'battery': 0}",0,0.9668680000000001,2,0,0,0,0,"{'solar': 1, 'wind': 0, 'generator': 0}",285.0,3.4531,9.9,0.6
1652,-171.95838111177903,25.683991199999998,180.51971151177904,0.0,300.8661858529651,34.245321600000004,300.8661858529651,300.8661858529651,0,"{'load': 1, 'battery': 1}",0,171.226608,2,0,0,0,0,"{'solar': 1, 'wind': 0, 'generator': 0}",285.0,611.5236,40.14,0.6
1653,-86.62003298431867,24.5916342,62.02839878431866,0.0,103.38066464053111,0.0,267.3248926405311,267.3248926405311,0,"{'load': 1, 'battery': 1}",0,163.944228,0,0,0,0,0,"{'solar': 1, 'wind': 0, 'generator': 0}",285.0,585.5151,8.712,0.6
1654,-483.6261965348302,0.0021084,483.62408813483023,0.0,537.3600979275892,0.0,537.3741539275892,537.3741539275892,0,"{'load': 1, 'battery': 1}",0,0.014056,0,0,0,0,0,"{'solar': 1, 'wind': 0, 'generator': 0}",285.0,0.0502,5.9399999999999995,0.8999999999999999
1655,-186.9171643227592,0.0017850697839506176,186.91537925297524,0.0,311.52563208829207,0.0,311.52563208829207,311.52563208829207,0,"{'load': 1, 'battery': 1}",0,0.011900000000000003,1,0,0,0,0,"{'solar': 1, 'wind': 0, 'generator': 0}",285.0,0.0425,14.004000000000001,0.6
1656,-98.23679412733091,0.0004200164197530865,98.23637411091116,0.0,163.72729018485194,0.0,163.72729018485194,163.72729018485194,0,"{'load': 1, 'battery': 1}",0,0.0028000000000000004,1,0,0,0,0,"{'solar': 1, 'wind': 0, 'generator': 0}",285.0,0.01,14.904,0.6
1657,-262.8437620708537,0.0,262.8437620708537,0.0,438.07293678475617,0.0,438.07293678475617,438.07293678475617,0,"{'load': 1, 'battery': 1}",0,0.0,1,0,0,0,0,"{'solar': 0, 'wind': 0, 'generator': 0}",285.0,29.779,15.588000000000001,0.6
1658,-52.177598371567626,31.3767216,20.800876771567623,0.0,34.66812795261271,0.0,243.8462719526127,243.8462719526127,0,"{'load': 1, 'battery': 1}",0,209.178144,0,0,0,0,0,"{'solar': 1, 'wind': 0, 'generator': 0}",285.0,747.0648,5.760000000000001,0.6
1659,-69.56860144901539,28.019598600000005,41.54900284901539,0.0,69.24833808169231,0.0,256.04566208169234,256.04566208169234,0,"{'load': 1, 'battery': 0}",0,186.79732400000003,0,0,0,0,0,"{'solar': 1, 'wind': 0, 'generator': 0}",285.0,667.1333,22.824,0.6
1660,-412.3973796999568,0.0270144,412.3703652999568,0.0,458.1892947777298,0.0,458.3693907777298,458.3693907777298,0,"{'load': 1, 'battery': 0}",0,0.180096,0,0,0,0,0,"{'solar': 1, 'wind': 0, 'generator': 0}",285.0,0.6432,9.432,0.8999999999999999
1661,-181.40573597114482,0.0,181.40573597114482,0.0,302.34289328524136,0.0,302.34289328524136,302.34289328524136,0,"{'load': 1, 'battery': 0}",0,0.0,0,0,0,0,0,"{'solar': 0, 'wind': 0, 'generator': 0}",285.0,0.0665,14.868,0.6
1662,-94.16462593612916,0.0,94.16462593612916,0.0,156.94104322688193,0.0,156.94104322688193,156.94104322688193,0,"{'load': 1, 'battery': 1}",0,0.0,2,0,0,0,0,"{'solar': 1, 'wind': 0, 'generator': 0}",285.0,0.0,18.936,0.6
1663,-161.37776001027837,3.2436431999999997,162.45897441027836,0.0,270.76495735046393,4.3248576000000005,270.76495735046393,270.76495735046393,0,"{'load': 1, 'battery': 1}",0,21.624288,2,0,0,0,0,"{'solar': 1, 'wind': 0, 'generator': 0}",285.0,77.2296,13.895999999999999,0.6
1664,-137.377838263132,35.146146,149.09322026313203,0.0,248.4887004385534,46.86152800000001,248.4887004385534,248.4887004385534,0,"{'load': 1, 'battery': 1}",0,234.30764000000002,2,0,0,0,0,"{'solar': 1, 'wind': 0, 'generator': 0}",285.0,836.813,11.196,0.6
1665,-79.47139348321201,30.004430400000004,49.466963083212015,0.0,82.44493847202003,0.0,282.47447447202006,282.47447447202006,0,"{'load': 1, 'battery': 1}",0,200.02953600000004,0,0,0,0,0,"{'solar': 1, 'wind': 0, 'generator': 0}",285.0,714.3912,14.76,0.6
1666,-413.4352793352651,0.2708748,413.1644045352651,0.0,459.071560594739,0.0,460.87739259473904,460.87739259473904,0,"{'load': 1, 'battery': 1}",0,1.805832,0,0,0,0,0,"{'solar': 1, 'wind': 0, 'generator': 0}",285.0,6.4494,23.003999999999998,0.8999999999999999
1667,-114.28788908709355,0.0,114.28788908709355,0.0,190.47981514515592,0.0,190.47981514515592,190.47981514515592,0,"{'load': 1, 'battery': 1}",0,0.0,0,0,0,0,0,"{'solar': 1, 'wind': 0, 'generator': 0}",285.0,0.0,18.036,0.6
1668,-245.4647752234619,0.0015833333333333333,245.46319189012857,270.0,139.10531981688098,0.0,140.61757672888703,270.0,1,"{'load': 1, 'battery': 1}",1,0.0,0,0,0,0,0,"{'solar': 0, 'wind': 0, 'generator': 0}",285.0,0.0,4.212,0.6
1669,-167.84383129387587,0.0,167.84383129387587,0.0,279.73971882312645,0.0,279.73971882312645,279.73971882312645,0,"{'load': 1, 'battery': 1}",0,0.0,1,0,0,0,0,"{'solar': 0, 'wind': 0, 'generator': 0}",285.0,218.1999,3.6,0.6
1670,-476.7441623611099,0.0,476.7441623611099,0.0,250.91798019005785,0.0,250.91798019005785,250.91798019005785,0,"{'load': 1, 'battery': 1}",0,0.0,0,0,0,0,0,"{'solar': 0, 'wind': 0, 'generator': 0}",285.0,948.6436,9.972,1.9
1671,-596.7326815436459,31.569753599999995,565.1629279436459,0.0,161.4751222696131,0.0,371.9401462696131,371.9401462696131,0,"{'load': 1, 'battery': 1}",0,210.46502399999997,0,0,0,0,0,"{'solar': 1, 'wind': 0, 'generator': 0}",285.0,751.6608,8.64,3.5
1672,-904.5311127368873,1.309615396954321,903.221497339933,0.0,475.37973544207,0.0,475.37973544207,475.37973544207,0,"{'load': 1, 'battery': 1}",0,8.730428,1,0,0,0,0,"{'solar': 1, 'wind': 0, 'generator': 0}",285.0,31.1801,10.44,1.9
1673,-129.51650251581847,0.0006804,129.51672931581848,0.0,215.86121552636413,0.0009072,215.86121552636413,215.86121552636413,0,"{'load': 1, 'battery': 1}",0,0.004536,2,0,0,0,0,"{'solar': 1, 'wind': 0, 'generator': 0}",285.0,0.0162,19.476000000000003,0.6
1674,-87.3093946628796,0.0,87.3093946628796,0.0,145.515657771466,0.0,145.515657771466,145.515657771466,0,"{'load': 1, 'battery': 1}",0,0.0,0,0,0,0,0,"{'solar': 0, 'wind': 0, 'generator': 0}",285.0,0.1863,18.144000000000002,0.6
1675,-161.84641203060337,0.0,161.84641203060337,0.0,269.74402005100563,0.0,269.74402005100563,269.74402005100563,0,"{'load': 1, 'battery': 1}",0,0.0,1,0,0,0,0,"{'solar': 0, 'wind': 0, 'generator': 0}",285.0,34.6031,8.784,0.6
1676,-44.504780627084656,38.7841986,5.720582027084654,0.0,3.0108326458340287,0.0,214.58741950025797,258.561324,0,"{'load': 1, 'battery': 1}",0,258.561324,0,0,0,0,0,"{'solar': 1, 'wind': 0, 'generator': 0}",285.0,923.4333,6.12,1.9
1677,-731.8044799381339,33.5909322,698.2135477381339,0.0,199.48958506803825,0.0,423.42913306803825,423.42913306803825,0,"{'load': 1, 'battery': 0}",0,223.939548,0,0,0,0,0,"{'solar': 1, 'wind': 0, 'generator': 0}",285.0,799.7841,26.712,3.5
1678,-939.9866436114695,0.8498279333333333,939.1368156781361,270.0,224.2825345674401,0.0,499.9374985674401,499.9374985674401,1,"{'load': 1, 'battery': 1}",1,5.654964,0,0,0,0,0,"{'solar': 1, 'wind': 0, 'generator': 0}",285.0,20.1963,13.32,1.9
1679,-138.41984201309702,0.002142,138.41770001309703,0.0,230.69616668849505,0.0,230.71044668849507,230.71044668849507,0,"{'load': 1, 'battery': 0}",0,0.01428,0,0,0,0,0,"{'solar': 1, 'wind': 0, 'generator': 0}",285.0,0.051,5.58,0.6
1680,-92.96550746921515,0.0,92.96550746921515,0.0,154.94251244869193,0.0,154.94251244869193,154.94251244869193,0,"{'load': 1, 'battery': 1}",0,0.0,1,0,0,0,0,"{'solar': 0, 'wind': 0, 'generator': 0}",285.0,0.0,8.928,0.6
1681,-171.19232269896304,0.0,171.19232269896304,0.0,285.32053783160507,0.0,285.32053783160507,285.32053783160507,0,"{'load': 1, 'battery': 1}",0,0.0,1,0,0,0,0,"{'solar': 0, 'wind': 0, 'generator': 0}",285.0,208.9908,11.268,0.6
1682,-185.49504420485061,38.333631000000004,147.16141320485062,0.0,77.45337537097402,0.0,333.01091537097403,333.01091537097403,0,"{'load': 1, 'battery': 1}",0,255.55754000000002,0,0,0,0,0,"{'solar': 1, 'wind': 0, 'generator': 0}",285.0,912.7055,6.156,1.9
1683,-1691.7370626383404,0.0,1691.7370626383404,0.0,483.3534464680972,0.0,483.3534464680972,483.3534464680972,0,"{'load': 1, 'battery': 0}",0,0.0,0,0,0,0,0,"{'solar': 0, 'wind': 0, 'generator': 0}",285.0,772.7156,2.4120000000000004,3.5
1684,-1035.7088817679592,0.0,1035.7088817679592,0.0,545.1099377726101,0.0,545.1099377726101,545.1099377726101,0,"{'load': 1, 'battery': 1}",0,0.0,0,0,0,0,0,"{'solar': 0, 'wind': 0, 'generator': 0}",285.0,53.6619,2.8080000000000003,1.9
1685,-161.97273377078452,0.0008106316901234569,161.9719231390944,0.0,269.95320523182403,0.0,269.95320523182403,269.95320523182403,0,"{'load': 1, 'battery': 1}",0,0.005404000000000001,1,0,0,0,0,"{'solar': 1, 'wind': 0, 'generator': 0}",285.0,0.0193,14.508000000000001,0.6
1686,-107.92301155213194,0.0,107.92301155213194,0.0,179.8716859202199,0.0,179.8716859202199,179.8716859202199,0,"{'load': 1, 'battery': 1}",0,0.0,2,0,0,0,0,"{'solar': 0, 'wind': 0, 'generator': 0}",285.0,0.0402,4.752000000000001,0.6
1687,-179.9669502727457,0.0,179.9669502727457,0.0,299.94491712124284,0.0,299.94491712124284,299.94491712124284,0,"{'load': 1, 'battery': 1}",0,0.0,0,0,0,0,0,"{'solar': 0, 'wind': 0, 'generator': 0}",285.0,101.5396,1.512,0.6
1688,-752.6879997017313,23.788117151762965,728.8998825499683,0.0,383.6315171315623,0.0,383.6315171315623,383.6315171315623,0,"{'load': 1, 'battery': 1}",0,158.58124800000002,1,0,0,0,0,"{'solar': 1, 'wind': 0, 'generator': 0}",285.0,566.3616,9.828,1.9
1689,-1156.1442357160076,32.6828124,1123.4614233160075,0.0,320.98897809028784,0.0,538.8743940902879,538.8743940902879,0,"{'load': 1, 'battery': 1}",0,217.88541600000002,0,0,0,0,0,"{'solar': 1, 'wind': 0, 'generator': 0}",285.0,778.1622,13.572000000000001,3.5
1690,-1069.8811510626308,2.3880234,1067.4931276626307,0.0,561.8384882434899,0.0,577.7586442434899,577.7586442434899,0,"{'load': 1, 'battery': 1}",0,15.920156,0,0,0,0,0,"{'solar': 1, 'wind': 0, 'generator': 0}",285.0,56.8577,20.232,1.9
1691,-167.9681896370459,0.0010038,167.9671858370459,0.0,279.9453097284098,0.0,279.9520017284098,279.9520017284098,0,"{'load': 1, 'battery': 0}",0,0.006692,0,0,0,0,0,"{'solar': 1, 'wind': 0, 'generator': 0}",285.0,0.0239,4.788,0.6
1692,-106.71388923668222,0.0,106.71388923668222,0.0,177.85648206113703,0.0,177.85648206113703,177.85648206113703,0,"{'load': 1, 'battery': 1}",0,0.0,0,0,0,0,0,"{'solar': 0, 'wind': 0, 'generator': 0}",285.0,0.0958,6.5520000000000005,0.6
1693,-183.33259212055845,0.0,183.33259212055845,0.0,305.55432020093076,0.0,305.55432020093076,305.55432020093076,0,"{'load': 1, 'battery': 1}",0,0.0,0,0,0,0,0,"{'solar': 0, 'wind': 0, 'generator': 0}",285.0,59.1973,0.36000000000000004,0.6
1694,-307.9836941592156,35.564046000000005,272.41964815921557,0.0,143.37876218906084,0.0,380.47240218906086,380.47240218906086,0,"{'load': 1, 'battery': 0}",0,237.09364000000002,0,0,0,0,0,"{'solar': 1, 'wind': 0, 'generator': 0}",285.0,846.763,11.484,1.9
1695,-890.3088691088932,30.9341424,859.3747267088931,0.0,245.5356362025409,0.0,451.7632522025409,451.7632522025409,0,"{'load': 1, 'battery': 1}",0,206.227616,0,0,0,0,0,"{'solar': 1, 'wind': 0, 'generator': 0}",285.0,736.5272,21.240000000000002,3.5
1696,-1134.451233390254,0.6268752000000001,1134.6601917902537,0.0,597.1895746264494,0.8358336000000002,597.1895746264494,597.1895746264494,0,"{'load': 1, 'battery': 1}",0,4.179168000000001,2,0,0,0,0,"{'solar': 1, 'wind': 0, 'generator': 0}",285.0,14.9256,5.148,1.9
1697,-158.47844190983866,0.0012012000000000001,158.47724070983867,0.0,264.1287345163978,0.0,264.1367425163978,264.1367425163978,0,"{'load': 1, 'battery': 1}",0,0.008008000000000001,0,0,0,0,0,"{'solar': 1, 'wind': 0, 'generator': 0}",285.0,0.0286,6.444,0.6
1698,-104.34430226729955,0.0017514000000000004,104.34255086729955,0.0,173.90425144549926,0.0,173.91592744549925,173.91592744549925,0,"{'load': 1, 'battery': 1}",0,0.011676000000000002,0,0,0,0,0,"{'solar': 1, 'wind': 0, 'generator': 0}",285.0,0.0417,6.84,0.6
1699,-180.94884095680644,1.2836586,179.66518235680644,0.0,299.4419705946774,0.0,307.9996945946774,307.9996945946774,0,"{'load': 1, 'battery': 1}",0,8.557724,0,0,0,0,0,"{'solar': 1, 'wind': 0, 'generator': 0}",285.0,30.5633,6.8759999999999994,0.6
1700,-484.91931935310333,18.5600394,466.35927995310334,0.0,245.4522526068965,0.0,369.1858486068965,369.1858486068965,0,"{'load': 1, 'battery': 1}",0,123.733596,0,0,0,0,0,"{'solar': 1, 'wind': 0, 'generator': 0}",285.0,441.9057,5.184,1.9
1701,-1669.9547887011322,0.0,1669.9547887011322,0.0,477.12993962889493,0.0,477.12993962889493,477.12993962889493,0,"{'load': 1, 'battery': 1}",0,0.0,0,0,0,0,0,"{'solar': 0, 'wind': 0, 'generator': 0}",285.0,644.9488,10.404,3.5
1702,-1104.9931852649622,0.0,1104.9931852649622,0.0,581.5753606657696,0.0,581.5753606657696,581.5753606657696,0,"{'load': 1, 'battery': 1}",0,0.0,0,0,0,0,0,"{'solar': 0, 'wind': 0, 'generator': 0}",285.0,0.4731,9.288,1.9
1703,-146.96982686005674,0.0,146.96982686005674,0.0,244.9497114334279,0.0,244.9497114334279,244.9497114334279,0,"{'load': 1, 'battery': 1}",0,0.0,2,0,0,0,0,"{'solar': 0, 'wind': 0, 'generator': 0}",285.0,0.0386,12.78,0.6
1704,-91.14271778047979,0.0,91.14271778047979,0.0,151.90452963413298,0.0,151.90452963413298,151.90452963413298,0,"{'load': 1, 'battery': 0}",0,0.0,0,0,0,0,0,"{'solar': 0, 'wind': 0, 'generator': 0}",285.0,0.0618,13.428,0.6
1705,-168.08960278717868,0.0,168.08960278717868,0.0,280.14933797863114,0.0,280.14933797863114,280.14933797863114,0,"{'load': 1, 'battery': 1}",0,0.0,1,0,0,0,0,"{'solar': 0, 'wind': 0, 'generator': 0}",285.0,84.2951,12.78,0.6
1706,-89.58379735159319,32.75298180000001,56.83081555159318,0.0,94.71802591932197,0.0,313.071237919322,313.071237919322,0,"{'load': 1, 'battery': 1}",0,218.35321200000004,0,0,0,0,0,"{'solar': 1, 'wind': 0, 'generator': 0}",285.0,779.8329,7.416,0.6
1707,-244.72378227257204,0.0015833333333333333,244.7221989392387,270.0,137.87033156539786,0.0,407.87033156539786,407.87033156539786,1,"{'load': 1, 'battery': 1}",1,0.0,0,0,0,0,0,"{'solar': 0, 'wind': 0, 'generator': 0}",285.0,538.7622,25.2,0.6
1708,-493.5271594828321,0.0,493.5271594828321,0.0,548.3635105364801,0.0,548.3635105364801,548.3635105364801,0,"{'load': 1, 'battery': 1}",0,0.0,1,0,0,0,0,"{'solar': 0, 'wind': 0, 'generator': 0}",285.0,0.0216,24.840000000000003,0.8999999999999999
1709,-122.726365224399,0.002692200000000001,122.723673024399,0.0,204.53945504066502,0.0,204.557403040665,204.557403040665,0,"{'load': 1, 'battery': 1}",0,0.017948000000000006,0,0,0,0,0,"{'solar': 1, 'wind': 0, 'generator': 0}",285.0,0.0641,11.16,0.6
1710,-245.58508453582405,0.004372138784691358,245.58071239703935,269.9823376,139.31884972839896,0.0,140.23399372857688,270.0,1,"{'load': 1, 'battery': 1}",1,0.018592,1,0,0,0,0,"{'solar': 1, 'wind': 0, 'generator': 0}",285.0,0.0664,1.836,0.6
1711,-183.452233486643,0.0,183.452233486643,0.0,305.75372247773834,0.0,305.75372247773834,305.75372247773834,0,"{'load': 1, 'battery': 1}",0,0.0,1,0,0,0,0,"{'solar': 0, 'wind': 0, 'generator': 0}",285.0,45.4144,24.084000000000003,0.6
1712,-183.38313827036998,26.03043781107778,157.3527004592922,0.0,262.254500765487,0.0,262.254500765487,262.254500765487,0,"{'load': 1, 'battery': 1}",0,173.529468,1,0,0,0,0,"{'solar': 1, 'wind': 0, 'generator': 0}",285.0,619.7481,13.968,0.6
1713,-129.2272324510007,18.081751799999996,111.14548065100071,0.0,185.24246775166785,0.0,305.78747975166783,305.78747975166783,0,"{'load': 1, 'battery': 1}",0,120.54501199999999,0,0,0,0,0,"{'solar': 1, 'wind': 0, 'generator': 0}",285.0,430.5179,21.744,0.6
1714,-454.76009987754315,0.00042000000000000007,454.75967987754314,0.0,505.2885331972702,0.0,505.2913331972702,505.2913331972702,0,"{'load': 1, 'battery': 0}",0,0.0028000000000000004,0,0,0,0,0,"{'solar': 1, 'wind': 0, 'generator': 0}",285.0,0.01,17.208000000000002,0.8999999999999999
1715,-159.56376032904421,0.0,159.56376032904421,0.0,265.93960054840704,0.0,265.93960054840704,265.93960054840704,0,"{'load': 1, 'battery': 1}",0,0.0,2,0,0,0,0,"{'solar': 0, 'wind': 0, 'generator': 0}",285.0,0.0023,19.224,0.6
1716,-81.07847505073376,0.0036372,81.07483785073376,0.0,135.12472975122293,0.0,135.14897775122293,135.14897775122293,0,"{'load': 1, 'battery': 1}",0,0.024248000000000002,0,0,0,0,0,"{'solar': 1, 'wind': 0, 'generator': 0}",285.0,0.0866,11.988000000000001,0.6
1717,-176.51110352824548,0.16663920000000002,176.3444643282455,0.0,293.90744054707585,0.0,295.01836854707585,295.01836854707585,0,"{'load': 1, 'battery': 1}",0,1.1109280000000001,0,0,0,0,0,"{'solar': 1, 'wind': 0, 'generator': 0}",285.0,3.9676,18.720000000000002,0.6
1718,-161.27902783590238,0.0,161.27902783590238,0.0,268.798379726504,0.0,268.798379726504,268.798379726504,0,"{'load': 1, 'battery': 1}",0,0.0,0,0,0,0,0,"{'solar': 0, 'wind': 0, 'generator': 0}",285.0,508.1731,46.62,0.6
1719,-152.26717950749602,16.233604800000002,157.67838110749602,0.0,262.7973018458267,21.644806400000004,262.7973018458267,262.7973018458267,0,"{'load': 1, 'battery': 1}",0,108.22403200000001,2,0,0,0,0,"{'solar': 1, 'wind': 0, 'generator': 0}",285.0,386.5144,39.06,0.6
1720,-439.5802739436632,0.0,439.5802739436632,0.0,488.4225266040703,0.0,488.4225266040703,488.4225266040703,0,"{'load': 1, 'battery': 1}",0,0.0,0,0,0,0,0,"{'solar': 0, 'wind': 0, 'generator': 0}",285.0,0.024,21.168,0.8999999999999999
1721,-176.08669772298046,0.0024654000000000004,176.08423232298045,0.0,293.47372053830077,0.0,293.49015653830077,293.49015653830077,0,"{'load': 1, 'battery': 1}",0,0.016436000000000003,0,0,0,0,0,"{'solar': 1, 'wind': 0, 'generator': 0}",285.0,0.0587,7.884,0.6
1722,-124.38665918112288,0.0026293027876543216,124.38402987833523,0.0,207.30671646389206,0.0,207.30671646389206,207.30671646389206,0,"{'load': 1, 'battery': 1}",0,0.017528000000000002,1,0,0,0,0,"{'solar': 1, 'wind': 0, 'generator': 0}",285.0,0.0626,15.515999999999998,0.6
1723,-269.2561619894339,0.0,269.2561619894339,0.0,448.7602699823899,0.0,448.7602699823899,448.7602699823899,0,"{'load': 1, 'battery': 1}",0,0.0,1,0,0,0,0,"{'solar': 0, 'wind': 0, 'generator': 0}",285.0,2.0974,23.364,0.6
1724,-183.1190460966024,0.0015833333333333333,183.11746276326906,270.0,35.19577127211511,0.0,305.1957712721151,305.1957712721151,1,"{'load': 1, 'battery': 1}",1,0.0,0,0,0,0,0,"{'solar': 0, 'wind': 0, 'generator': 0}",285.0,209.9101,7.956,0.6
1725,-173.39007748035857,0.0,173.39007748035857,0.0,288.9834624672643,0.0,288.9834624672643,288.9834624672643,0,"{'load': 1, 'battery': 1}",0,0.0,0,0,0,0,0,"{'solar': 0, 'wind': 0, 'generator': 0}",285.0,323.8619,9.576,0.6
1726,-422.92966531044027,0.0011046,422.92856071044025,0.0,469.92062301160036,0.0,469.92798701160035,469.92798701160035,0,"{'load': 1, 'battery': 1}",0,0.007364000000000001,0,0,0,0,0,"{'solar': 1, 'wind': 0, 'generator': 0}",285.0,0.0263,4.86,0.8999999999999999
1727,-300.0042,0.0042,0.0,0.0,0.0,0.0,34.0,0.0,0,"{'load': 0, 'battery': 0}",0,0.028,0,0,0,0,0,"{'solar': 0, 'wind': 0, 'generator': 0}",15.0,0.1,40.0,0.6
1728,-467.2554349467527,0.0,167.2554349467527,0.0,278.75905824458783,0.0,289.22809697551,0.0,0,"{'load': 0, 'battery': 1}",0,0.0,2,0,0,0,0,"{'solar': 0, 'wind': 0, 'generator': 0}",285.0,0.0711,3.3120000000000003,0.6
1729,-308.337348395532,0.029757,308.307591395532,0.0,513.84598565922,0.0,514.04436565922,514.04436565922,0,"{'load': 1, 'battery': 1}",0,0.19838,0,0,0,0,0,"{'solar': 1, 'wind': 0, 'generator': 0}",285.0,0.7085,4.212,0.6
1730,-215.429263180146,0.0,215.429263180146,0.0,359.04877196691,0.0,359.04877196691,359.04877196691,0,"{'load': 1, 'battery': 1}",0,0.0,1,0,0,0,0,"{'solar': 0, 'wind': 0, 'generator': 0}",285.0,428.2502,13.392000000000001,0.6
1731,-200.60379155159765,15.46349251619753,185.14029903540012,0.0,308.5671650590002,0.0,308.5671650590002,308.5671650590002,0,"{'load': 1, 'battery': 1}",0,103.08592,1,0,0,0,0,"{'solar': 1, 'wind': 0, 'generator': 0}",285.0,368.164,15.408000000000001,0.6
1732,-489.5403814635838,0.0,489.5403814635838,0.0,543.9337571817598,0.0,543.9337571817598,543.9337571817598,0,"{'load': 1, 'battery': 1}",0,0.0,2,0,0,0,0,"{'solar': 0, 'wind': 0, 'generator': 0}",285.0,0.0185,25.776,0.8999999999999999
1733,-179.72091818654155,0.0,179.72091818654155,0.0,299.53486364423594,0.0,299.53486364423594,299.53486364423594,0,"{'load': 1, 'battery': 1}",0,0.0,1,0,0,0,0,"{'solar': 0, 'wind': 0, 'generator': 0}",285.0,0.0402,22.968,0.6
1734,-146.98196775085862,0.0,146.98196775085862,0.0,244.96994625143103,0.0,244.96994625143103,244.96994625143103,0,"{'load': 1, 'battery': 1}",0,0.0,0,0,0,0,0,"{'solar': 0, 'wind': 0, 'generator': 0}",285.0,0.0773,24.48,0.6
1735,-317.1602705457697,0.058737000000000004,317.1798495457697,0.0,528.6330825762828,0.07831600000000001,528.6330825762828,528.6330825762828,0,"{'load': 1, 'battery': 1}",0,0.39158000000000004,2,0,0,0,0,"{'solar': 1, 'wind': 0, 'generator': 0}",285.0,1.3985,27.684,0.6
1736,-188.1320106767618,0.0,188.1320106767618,0.0,313.55335112793637,0.0,313.55335112793637,313.55335112793637,0,"{'load': 1, 'battery': 0}",0,0.0,0,0,0,0,0,"{'solar': 0, 'wind': 0, 'generator': 0}",285.0,610.6164,6.6240000000000006,0.6
1737,-180.09974898017938,0.0,180.09974898017938,0.0,300.166248300299,0.0,300.166248300299,300.166248300299,0,"{'load': 1, 'battery': 1}",0,0.0,0,0,0,0,0,"{'solar': 0, 'wind': 0, 'generator': 0}",285.0,525.7324,13.068,0.6
1738,-457.62673602927634,0.0,457.62673602927634,0.0,508.4741511436404,0.0,508.4741511436404,508.4741511436404,0,"{'load': 1, 'battery': 1}",0,0.0,1,0,0,0,0,"{'solar': 0, 'wind': 0, 'generator': 0}",285.0,0.0054,3.528,0.8999999999999999
1739,-172.5417409099418,0.0036037408814814814,172.53813716906032,0.0,287.56356194843386,0.0,287.56356194843386,287.56356194843386,0,"{'load': 1, 'battery': 1}",0,0.024024,1,0,0,0,0,"{'solar': 1, 'wind': 0, 'generator': 0}",285.0,0.0858,13.212,0.6
1740,-268.3910047198969,0.0051197402460493825,268.3858849796508,269.9776028,177.33220549941802,0.0,181.57028627111617,270.0,1,"{'load': 1, 'battery': 1}",1,0.023576,1,0,0,0,0,"{'solar': 1, 'wind': 0, 'generator': 0}",285.0,0.0842,7.524,0.6
1741,-230.17661291908465,0.21868595771006172,229.9579269613746,268.6250194,114.63819220229101,0.0,384.638192202291,384.638192202291,1,"{'load': 1, 'battery': 1}",1,1.447348,1,0,0,0,0,"{'solar': 1, 'wind': 0, 'generator': 0}",285.0,5.1691,3.204,0.6
1742,-284.0690619971586,21.92284073333333,262.1462212638253,270.0,166.91036877304214,0.0,281.43527635267,416.141716,1,"{'load': 1, 'battery': 1}",1,146.141716,0,0,0,0,0,"{'solar': 1, 'wind': 0, 'generator': 0}",285.0,521.9347,1.0080000000000002,0.6
1743,-155.4549881380213,23.174381999999994,163.1797821380213,0.0,271.96630356336885,30.899175999999997,271.96630356336885,271.96630356336885,0,"{'load': 1, 'battery': 1}",0,154.49587999999997,2,0,0,0,0,"{'solar': 1, 'wind': 0, 'generator': 0}",285.0,551.771,9.612,0.6
1744,-427.65433071153035,0.028606200000000002,427.62572451153034,0.0,475.1396939017004,0.0,475.3304019017004,475.3304019017004,0,"{'load': 1, 'battery': 1}",0,0.19070800000000002,0,0,0,0,0,"{'solar': 1, 'wind': 0, 'generator': 0}",285.0,0.6811,19.944,0.8999999999999999
1745,-162.61670446250437,0.0015833333333333333,162.61512112917103,270.0,1.0252018819517161,0.0,271.0252018819517,271.0252018819517,1,"{'load': 1, 'battery': 1}",1,0.0,1,0,0,0,0,"{'solar': 1, 'wind': 0, 'generator': 0}",285.0,0.0,4.392,0.6
1746,-128.5292360865881,0.002759399999999999,128.5264766865881,0.0,214.21079447764683,0.0,214.22919047764682,214.22919047764682,0,"{'load': 1, 'battery': 1}",0,0.018395999999999996,0,0,0,0,0,"{'solar': 1, 'wind': 0, 'generator': 0}",285.0,0.0657,7.524,0.6
1747,-194.97439486485231,0.0,194.97439486485231,0.0,324.9573247747539,0.0,324.9573247747539,324.9573247747539,0,"{'load': 1, 'battery': 1}",0,0.0,0,0,0,0,0,"{'solar': 0, 'wind': 0, 'generator': 0}",285.0,13.514,19.008000000000003,0.6
1748,-52.02140978405812,33.456129,18.56528078405812,0.0,30.942134640096867,0.0,253.98299464009685,253.98299464009685,0,"{'load': 1, 'battery': 1}",0,223.04085999999998,0,0,0,0,0,"{'solar': 1, 'wind': 0, 'generator': 0}",285.0,796.5745,18.072,0.6
1749,-157.15530257443336,30.241533000000004,167.23581357443337,0.0,278.72635595738893,40.322044000000005,278.72635595738893,278.72635595738893,0,"{'load': 1, 'battery': 1}",0,201.61022000000003,2,0,0,0,0,"{'solar': 1, 'wind': 0, 'generator': 0}",285.0,720.0365,5.436,0.6
1750,-390.8693540644107,0.0,390.8693540644107,0.0,434.2992822937897,0.0,434.2992822937897,434.2992822937897,0,"{'load': 1, 'battery': 1}",0,0.0,2,0,0,0,0,"{'solar': 0, 'wind': 0, 'generator': 0}",285.0,3.5676,22.896,0.8999999999999999
1751,-110.90586715639307,0.0,110.90586715639307,0.0,184.8431119273218,0.0,184.8431119273218,184.8431119273218,0,"{'load': 1, 'battery': 1}",0,0.0,1,0,0,0,0,"{'solar': 1, 'wind': 0, 'generator': 0}",285.0,0.0,18.18,0.6
1752,-84.31854749982412,0.0024024939209876545,84.31614500590314,0.0,140.5269083431719,0.0,140.5269083431719,140.5269083431719,0,"{'load': 1, 'battery': 1}",0,0.016016000000000002,1,0,0,0,0,"{'solar': 1, 'wind': 0, 'generator': 0}",285.0,0.0572,22.788,0.6
1753,-161.44840092763795,0.0,161.44840092763795,0.0,269.0806682127299,0.0,269.0806682127299,269.0806682127299,0,"{'load': 1, 'battery': 1}",0,0.0,0,0,0,0,0,"{'solar': 0, 'wind': 0, 'generator': 0}",285.0,161.3,23.759999999999998,0.6
1754,-53.687687650534315,32.5714494,21.116238250534312,0.0,35.19373041755719,0.0,252.3367264175572,252.3367264175572,0,"{'load': 1, 'battery': 1}",0,217.142996,0,0,0,0,0,"{'solar': 1, 'wind': 0, 'generator': 0}",285.0,775.5107,16.308,0.6
1755,-197.1486433862897,0.0015833333333333333,197.14706005295636,270.0,58.57843342159396,0.0,328.57843342159396,328.57843342159396,1,"{'load': 1, 'battery': 1}",1,0.0,0,0,0,0,0,"{'solar': 0, 'wind': 0, 'generator': 0}",285.0,728.0843,9.0,0.6
1756,-808.434006857314,0.7067297999999999,807.727277057314,0.0,425.1196195038495,0.0,429.83115150384947,429.83115150384947,0,"{'load': 1, 'battery': 1}",0,4.711531999999999,0,0,0,0,0,"{'solar': 1, 'wind': 0, 'generator': 0}",285.0,16.8269,6.3,1.9
1757,-120.95978042351109,0.0,120.95978042351109,0.0,201.59963403918516,0.0,201.59963403918516,201.59963403918516,0,"{'load': 1, 'battery': 1}",0,0.0,1,0,0,0,0,"{'solar': 0, 'wind': 0, 'generator': 0}",285.0,0.0,1.8,0.6
1758,-87.36680984085429,0.00762749818271605,87.35918234267157,0.0,145.59863723778597,0.0,145.59863723778597,145.59863723778597,0,"{'load': 1, 'battery': 1}",0,0.050848000000000004,1,0,0,0,0,"{'solar': 1, 'wind': 0, 'generator': 0}",285.0,0.1816,2.2680000000000002,0.6
1759,-130.9775087364398,11.640531000000001,119.33697773643979,0.0,198.89496289406634,0.0,276.49850289406635,276.49850289406635,0,"{'load': 1, 'battery': 1}",0,77.60354000000001,0,0,0,0,0,"{'solar': 1, 'wind': 0, 'generator': 0}",285.0,277.1555,0.0,0.6
1760,-77.6547571928148,38.7996462,38.85511099281481,0.0,20.450058417270952,0.0,279.11436641727096,279.11436641727096,0,"{'load': 1, 'battery': 1}",0,258.664308,0,0,0,0,0,"{'solar': 1, 'wind': 0, 'generator': 0}",285.0,923.8011,26.28,1.9
1761,-682.1512477778508,31.1157966,651.0354511778509,0.0,186.01012890795738,0.0,393.4487729079574,393.4487729079574,0,"{'load': 1, 'battery': 0}",0,207.438644,0,0,0,0,0,"{'solar': 1, 'wind': 0, 'generator': 0}",285.0,740.8523,27.612000000000002,3.5
1762,-801.268639392978,0.0,801.268639392978,0.0,421.72033652262,0.0,421.72033652262,421.72033652262,0,"{'load': 1, 'battery': 1}",0,0.0,0,0,0,0,0,"{'solar': 0, 'wind': 0, 'generator': 0}",285.0,25.2297,6.912,1.9
1763,-140.61455742412195,0.0,140.61455742412195,0.0,234.35759570686994,0.0,234.35759570686994,234.35759570686994,0,"{'load': 1, 'battery': 1}",0,0.0,0,0,0,0,0,"{'solar': 0, 'wind': 0, 'generator': 0}",285.0,0.0,10.368,0.6
1764,-92.24466499144502,0.0,92.24466499144502,0.0,153.74110831907504,0.0,153.74110831907504,153.74110831907504,0,"{'load': 1, 'battery': 1}",0,0.0,1,0,0,0,0,"{'solar': 1, 'wind': 0, 'generator': 0}",285.0,0.0,5.184,0.6
1765,-160.55004630253194,0.0,160.55004630253194,0.0,267.5834105042199,0.0,267.5834105042199,267.5834105042199,0,"{'load': 1, 'battery': 1}",0,0.0,1,0,0,0,0,"{'solar': 0, 'wind': 0, 'generator': 0}",285.0,52.2572,7.776000000000001,0.6
1766,-610.3723086360998,0.0,610.3723086360998,0.0,321.24858349268413,0.0,321.24858349268413,321.24858349268413,0,"{'load': 1, 'battery': 0}",0,0.0,0,0,0,0,0,"{'solar': 0, 'wind': 0, 'generator': 0}",15.0,943.6839,26.64,1.9
1767,-910.8940028160188,32.914677600000005,877.9793252160188,0.0,250.85123577600535,0.0,470.2824197760054,470.2824197760054,0,"{'load': 1, 'battery': 1}",0,219.43118400000003,0,0,0,0,0,"{'solar': 1, 'wind': 0, 'generator': 0}",285.0,783.6828,8.352,3.5
1768,-973.7963009965587,1.6981817999999997,972.0981191965586,0.0,511.63058905082033,0.0,522.9518010508203,522.9518010508203,0,"{'load': 1, 'battery': 1}",0,11.321212,0,0,0,0,0,"{'solar': 1, 'wind': 0, 'generator': 0}",285.0,40.4329,7.668,1.9
1769,-152.00209816299792,0.0,152.00209816299792,0.0,253.33683027166322,0.0,253.33683027166322,253.33683027166322,0,"{'load': 1, 'battery': 1}",0,0.0,0,0,0,0,0,"{'solar': 0, 'wind': 0, 'generator': 0}",285.0,0.1298,7.596,0.6
1770,-98.87585610283487,0.0,98.87585610283487,0.0,164.7930935047248,0.0,164.7930935047248,164.7930935047248,0,"{'load': 1, 'battery': 1}",0,0.0,0,0,0,0,0,"{'solar': 0, 'wind': 0, 'generator': 0}",285.0,0.0857,0.36000000000000004,0.6
1771,-177.8033698428478,2.881741056254321,174.92162878659346,0.0,291.53604797765576,0.0,291.53604797765576,291.53604797765576,0,"{'load': 1, 'battery': 1}",0,19.210856000000003,1,0,0,0,0,"{'solar': 1, 'wind': 0, 'generator': 0}",285.0,68.6102,1.296,0.6
1772,-1231.346810965615,38.45770313333333,1192.8891078322818,270.0,357.83637254330614,0.0,377.29517011202455,526.3741319999999,1,"{'load': 1, 'battery': 1}",1,256.374132,0,0,0,0,0,"{'solar': 1, 'wind': 0, 'generator': 0}",285.0,915.6219,10.476,1.9
1773,-1882.7664656427955,0.0015833333333333333,1882.764882309462,270.0,267.9328235169892,0.0,537.9328235169892,537.9328235169892,1,"{'load': 1, 'battery': 1}",1,0.0,0,0,0,0,0,"{'solar': 0, 'wind': 0, 'generator': 0}",285.0,807.6685,5.688000000000001,3.5
1774,-1134.1359536571258,0.0,1134.1359536571258,0.0,596.9136598195399,0.0,596.9136598195399,596.9136598195399,0,"{'load': 1, 'battery': 0}",0,0.0,2,0,0,0,0,"{'solar': 0, 'wind': 0, 'generator': 0}",285.0,71.7565,12.564000000000002,1.9
1775,-170.2173809392559,0.0,170.2173809392559,0.0,283.6956348987598,0.0,283.6956348987598,283.6956348987598,0,"{'load': 1, 'battery': 1}",0,0.0,1,0,0,0,0,"{'solar': 0, 'wind': 0, 'generator': 0}",285.0,0.0208,19.872,0.6
1776,-106.36216555030202,0.0025619999999999996,106.35960355030203,0.0,177.26600591717005,0.0,177.28308591717004,177.28308591717004,0,"{'load': 1, 'battery': 1}",0,0.017079999999999998,0,0,0,0,0,"{'solar': 1, 'wind': 0, 'generator': 0}",285.0,0.061,25.128000000000004,0.6
1777,-174.88076779628233,0.0,174.88076779628233,0.0,291.4679463271372,0.0,291.4679463271372,291.4679463271372,0,"{'load': 1, 'battery': 1}",0,0.0,0,0,0,0,0,"{'solar': 0, 'wind': 0, 'generator': 0}",285.0,59.5652,1.296,0.6
1778,-713.0047464827866,18.5380188,719.1840860827865,0.0,378.51794004357185,24.717358400000002,378.51794004357185,378.51794004357185,0,"{'load': 1, 'battery': 1}",0,123.586792,2,0,0,0,0,"{'solar': 1, 'wind': 0, 'generator': 0}",285.0,441.3814,4.86,1.9
1779,-1240.0603619438202,31.5303366,1208.5300253438202,0.0,345.2942929553772,0.0,555.4965369553772,555.4965369553772,0,"{'load': 1, 'battery': 1}",0,210.202244,0,0,0,0,0,"{'solar': 1, 'wind': 0, 'generator': 0}",285.0,750.7223,20.16,3.5
1780,-1132.4730990116914,0.9648659999999999,1132.7947210116913,0.0,596.2077479008902,1.286488,596.2077479008902,596.2077479008902,0,"{'load': 1, 'battery': 0}",0,6.43244,2,0,0,0,0,"{'solar': 1, 'wind': 0, 'generator': 0}",285.0,22.973,2.4120000000000004,1.9
1781,-147.2686806026239,0.0,147.2686806026239,0.0,245.4478010043732,0.0,245.4478010043732,245.4478010043732,0,"{'load': 1, 'battery': 1}",0,0.0,0,0,0,0,0,"{'solar': 0, 'wind': 0, 'generator': 0}",285.0,0.0541,29.340000000000003,0.6
1782,-97.33846360527235,0.0,97.33846360527235,0.0,162.23077267545392,0.0,162.23077267545392,162.23077267545392,0,"{'load': 1, 'battery': 1}",0,0.0,1,0,0,0,0,"{'solar': 0, 'wind': 0, 'generator': 0}",285.0,0.0394,6.8759999999999994,0.6
1783,-176.95303901224364,0.0,176.95303901224364,0.0,294.92173168707274,0.0,294.92173168707274,294.92173168707274,0,"{'load': 1, 'battery': 1}",0,0.0,1,0,0,0,0,"{'solar': 0, 'wind': 0, 'generator': 0}",285.0,67.2948,10.08,0.6
1784,-764.4306864532192,0.0,764.4306864532192,0.0,402.33194023853645,0.0,402.33194023853645,402.33194023853645,0,"{'load': 1, 'battery': 1}",0,0.0,0,0,0,0,0,"{'solar': 0, 'wind': 0, 'generator': 0}",285.0,844.7752,24.984,1.9
1785,-1851.9087926273476,28.301311186607407,1823.6074814407402,0.0,521.0307089830686,0.0,521.0307089830686,521.0307089830686,0,"{'load': 1, 'battery': 1}",0,188.668032,1,0,0,0,0,"{'solar': 1, 'wind': 0, 'generator': 0}",285.0,673.8144,5.472,3.5
1786,-1217.2351297493656,0.0,1217.2351297493656,0.0,640.6500682891398,0.0,640.6500682891398,640.6500682891398,0,"{'load': 1, 'battery': 1}",0,0.0,1,0,0,0,0,"{'solar': 0, 'wind': 0, 'generator': 0}",285.0,1.9964,4.572,1.9
1787,-150.60621690515757,0.0,150.60621690515757,0.0,251.01036150859593,0.0,251.01036150859593,251.01036150859593,0,"{'load': 1, 'battery': 1}",0,0.0,0,0,0,0,0,"{'solar': 0, 'wind': 0, 'generator': 0}",285.0,0.0371,4.824000000000001,0.6
1788,-98.36249570461985,0.0,98.36249570461985,0.0,163.93749284103308,0.0,163.93749284103308,163.93749284103308,0,"{'load': 1, 'battery': 1}",0,0.0,0,0,0,0,0,"{'solar': 0, 'wind': 0, 'generator': 0}",285.0,0.0293,15.3,0.6
1789,-184.2374663370647,0.0015833333333333333,184.23588300373135,270.0,37.05980500621894,0.0,307.05980500621894,307.05980500621894,1,"{'load': 1, 'battery': 1}",1,0.0,0,0,0,0,0,"{'solar': 0, 'wind': 0, 'generator': 0}",285.0,52.1639,1.836,0.6
1790,-247.07030674209201,33.1335354,213.93677134209202,0.0,112.59830070636423,0.0,333.48853670636424,333.48853670636424,0,"{'load': 1, 'battery': 1}",0,220.89023600000002,0,0,0,0,0,"{'solar': 1, 'wind': 0, 'generator': 0}",285.0,788.8937,2.9160000000000004,1.9
1791,-991.6789761968855,24.059338800000003,967.6196373968855,0.0,276.4627535419673,0.0,436.8583455419673,436.8583455419673,0,"{'load': 1, 'battery': 1}",0,160.39559200000002,0,0,0,0,0,"{'solar': 1, 'wind': 0, 'generator': 0}",285.0,572.8414,7.992000000000001,3.5
1792,-497.12554789719405,0.0007476292271604937,497.1248002679669,0.0,552.36088918663,0.0,552.36088918663,552.36088918663,0,"{'load': 1, 'battery': 1}",0,0.004984,1,0,0,0,0,"{'solar': 1, 'wind': 0, 'generator': 0}",285.0,0.0178,21.240000000000002,0.8999999999999999
1793,-132.41197182980105,0.0028223999999999996,132.40914942980103,0.0,220.68191571633506,0.0,220.70073171633504,220.70073171633504,0,"{'load': 1, 'battery': 1}",0,0.018816,0,0,0,0,0,"{'solar': 1, 'wind': 0, 'generator': 0}",285.0,0.0672,12.6,0.6
1794,-87.47253049985405,0.0,87.47253049985405,0.0,145.78755083309008,0.0,145.78755083309008,145.78755083309008,0,"{'load': 1, 'battery': 1}",0,0.0,0,0,0,0,0,"{'solar': 0, 'wind': 0, 'generator': 0}",285.0,0.0425,2.088,0.6
1795,-176.50368782334763,0.0,176.50368782334763,0.0,294.17281303891275,0.0,294.17281303891275,294.17281303891275,0,"{'load': 1, 'battery': 1}",0,0.0,0,0,0,0,0,"{'solar': 0, 'wind': 0, 'generator': 0}",285.0,14.5745,11.268,0.6
1796,-167.02893932581267,27.968140133333335,176.34954159247934,270.0,23.915902654132253,37.28874240000001,293.91590265413225,293.91590265413225,1,"{'load': 1, 'battery': 1}",1,186.44371200000003,2,0,0,0,0,"{'solar': 1, 'wind': 0, 'generator': 0}",285.0,665.8704,13.212,0.6
1797,-160.22895399901319,18.5170356,141.7119183990132,0.0,236.18653066502202,0.0,359.63343466502204,359.63343466502204,0,"{'load': 1, 'battery': 1}",0,123.446904,0,0,0,0,0,"{'solar': 1, 'wind': 0, 'generator': 0}",285.0,440.8818,15.156,0.6
1798,-445.239593509483,0.0009743999999999998,445.23991830948296,0.0,494.71102034387,0.0012992,494.71102034387,494.71102034387,0,"{'load': 1, 'battery': 1}",0,0.006495999999999999,2,0,0,0,0,"{'solar': 1, 'wind': 0, 'generator': 0}",285.0,0.0232,3.204,0.8999999999999999
1799,-110.9468287828915,0.0,110.9468287828915,0.0,184.91138130481917,0.0,184.91138130481917,184.91138130481917,0,"{'load': 1, 'battery': 1}",0,0.0,0,0,0,0,0,"{'solar': 0, 'wind': 0, 'generator': 0}",285.0,0.0618,15.947999999999999,0.6
1800,-81.5647736932433,0.007434290629629629,81.55733940261366,0.0,135.9288990043561,0.0,135.9288990043561,135.9288990043561,0,"{'load': 1, 'battery': 1}",0,0.04956,1,0,0,0,0,"{'solar': 1, 'wind': 0, 'generator': 0}",285.0,0.177,9.18,0.6
1801,-182.18427450657657,0.32401739999999996,181.86025710657657,0.0,303.10042851096097,0.0,305.260544510961,305.260544510961,0,"{'load': 1, 'battery': 1}",0,2.160116,0,0,0,0,0,"{'solar': 1, 'wind': 0, 'generator': 0}",285.0,7.7147,8.208,0.6
1802,-151.86742136747625,14.718312,156.77352536747625,0.0,261.28920894579375,19.624416,261.28920894579375,261.28920894579375,0,"{'load': 1, 'battery': 1}",0,98.12208,2,0,0,0,0,"{'solar': 1, 'wind': 0, 'generator': 0}",285.0,350.436,29.556000000000004,0.6
1803,-118.25998598564996,13.680403800000002,104.57958218564995,0.0,174.29930364274992,0.0,265.50199564274993,265.50199564274993,0,"{'load': 1, 'battery': 1}",0,91.20269200000001,0,0,0,0,0,"{'solar': 1, 'wind': 0, 'generator': 0}",285.0,325.7239,6.3,0.6
1804,-430.50707247402926,0.0,430.50707247402926,0.0,478.3411916378103,0.0,478.3411916378103,478.3411916378103,0,"{'load': 1, 'battery': 1}",0,0.0,0,0,0,0,0,"{'solar': 0, 'wind': 0, 'generator': 0}",285.0,0.0402,20.196,0.8999999999999999
1805,-156.03846273228814,0.004250566167901235,156.03421216612023,0.0,260.05702027686704,0.0,260.05702027686704,260.05702027686704,0,"{'load': 1, 'battery': 1}",0,0.028336000000000004,1,0,0,0,0,"{'solar': 1, 'wind': 0, 'generator': 0}",285.0,0.1012,42.804,0.6
1806,-81.79513055592231,0.0,81.79513055592231,0.0,136.32521759320386,0.0,136.32521759320386,136.32521759320386,0,"{'load': 1, 'battery': 1}",0,0.0,1,0,0,0,0,"{'solar': 0, 'wind': 0, 'generator': 0}",285.0,0.0572,25.452,0.6
1807,-174.83938465331457,2.108652,172.73073265331456,0.0,287.88455442219094,0.0,301.94223442219095,301.94223442219095,0,"{'load': 1, 'battery': 1}",0,14.057680000000001,0,0,0,0,0,"{'solar': 1, 'wind': 0, 'generator': 0}",285.0,50.206,11.376000000000001,0.6
1808,-193.28287332538525,21.502051782330867,171.7808215430544,0.0,286.301369238424,0.0,286.301369238424,286.301369238424,0,"{'load': 1, 'battery': 1}",0,143.34140800000003,1,0,0,0,0,"{'solar': 1, 'wind': 0, 'generator': 0}",285.0,511.9336,8.568,0.6
1809,-136.90430531116047,14.588212799999999,122.31609251116046,0.0,203.86015418526745,0.0,301.11490618526744,301.11490618526744,0,"{'load': 1, 'battery': 1}",0,97.254752,0,0,0,0,0,"{'solar': 1, 'wind': 0, 'generator': 0}",285.0,347.3384,7.920000000000001,0.6
1810,-478.91105264144915,0.0017220000000000002,478.9116266414492,0.0,532.1240296016102,0.0022960000000000007,532.1240296016102,532.1240296016102,0,"{'load': 1, 'battery': 1}",0,0.011480000000000002,2,0,0,0,0,"{'solar': 1, 'wind': 0, 'generator': 0}",285.0,0.041,25.272,0.8999999999999999
1811,-192.5351608162182,0.0,192.5351608162182,0.0,320.891934693697,0.0,320.891934693697,320.891934693697,0,"{'load': 1, 'battery': 1}",0,0.0,0,0,0,0,0,"{'solar': 0, 'wind': 0, 'generator': 0}",285.0,0.0796,5.796,0.6
1812,-160.52628413146022,0.003670943508641976,160.52261318795158,0.0,267.537688646586,0.0,267.537688646586,267.537688646586,0,"{'load': 1, 'battery': 1}",0,0.024472000000000004,1,0,0,0,0,"{'solar': 1, 'wind': 0, 'generator': 0}",285.0,0.0874,16.128000000000004,0.6
1813,-285.88970145102707,0.0,285.88970145102707,0.0,476.4828357517118,0.0,476.4828357517118,476.4828357517118,0,"{'load': 1, 'battery': 1}",0,0.0,1,0,0,0,0,"{'solar': 0, 'wind': 0, 'generator': 0}",285.0,0.8405,8.568,0.6
1814,-155.99957927574616,14.040125400000003,141.95945387574616,0.0,236.59908979291026,0.0,330.1999257929103,330.1999257929103,0,"{'load': 1, 'battery': 1}",0,93.60083600000002,0,0,0,0,0,"{'solar': 1, 'wind': 0, 'generator': 0}",285.0,334.2887,15.264000000000001,0.6
1815,-212.96144867534585,16.11092262626173,196.85052604908412,0.0,328.0842100818069,0.0,328.0842100818069,328.0842100818069,0,"{'load': 1, 'battery': 0}",0,107.40195200000001,1,0,0,0,0,"{'solar': 1, 'wind': 0, 'generator': 0}",285.0,383.5784,14.832,0.6
1816,-492.2890793766272,0.002205,492.2868743766272,0.0,546.9854159740303,0.0,547.0001159740302,547.0001159740302,0,"{'load': 1, 'battery': 1}",0,0.014700000000000001,0,0,0,0,0,"{'solar': 1, 'wind': 0, 'generator': 0}",285.0,0.0525,24.12,0.8999999999999999
1817,-193.8202911277217,0.004120361077777778,193.81617076664392,0.0,323.0269512777399,0.0,323.0269512777399,323.0269512777399,0,"{'load': 1, 'battery': 1}",0,0.027468000000000003,1,0,0,0,0,"{'solar': 1, 'wind': 0, 'generator': 0}",285.0,0.0981,49.608,0.6
1818,-174.102720007809,0.0010080394074074074,174.10171196840162,0.0,290.169519947336,0.0,290.169519947336,290.169519947336,0,"{'load': 1, 'battery': 0}",0,0.00672,1,0,0,0,0,"{'solar': 1, 'wind': 0, 'generator': 0}",285.0,0.024,4.392,0.6
1819,-283.93104918419306,0.0015833333333333333,283.92946585085974,270.0,203.21577641809955,0.0,473.21577641809955,473.21577641809955,1,"{'load': 1, 'battery': 1}",1,0.0,0,0,0,0,0,"{'solar': 0, 'wind': 0, 'generator': 0}",285.0,1.0412,19.152,0.6
1820,-142.30019577534847,23.591988,118.70820777534846,0.0,197.8470129589141,0.0,355.1269329589141,355.1269329589141,0,"{'load': 1, 'battery': 1}",0,157.27992,0,0,0,0,0,"{'solar': 1, 'wind': 0, 'generator': 0}",285.0,561.714,25.236,0.6
1821,-138.7260644087869,20.593444199999997,118.1326202087869,0.0,196.88770034797818,0.0,334.1773283479782,334.1773283479782,0,"{'load': 1, 'battery': 1}",0,137.289628,0,0,0,0,0,"{'solar': 1, 'wind': 0, 'generator': 0}",285.0,490.3201,26.676000000000002,0.6
1822,-508.9195028931587,0.00013020509012345678,508.9193726880686,0.0,565.4659696534096,0.0,565.4659696534096,565.4659696534096,0,"{'load': 1, 'battery': 1}",0,0.000868,1,0,0,0,0,"{'solar': 1, 'wind': 0, 'generator': 0}",285.0,0.0031,22.14,0.8999999999999999
1823,-183.7359990225878,0.0,183.7359990225878,0.0,306.22666503764634,0.0,306.22666503764634,306.22666503764634,0,"{'load': 1, 'battery': 1}",0,0.0,2,0,0,0,0,"{'solar': 0, 'wind': 0, 'generator': 0}",285.0,0.027,6.48,0.6
1824,-140.4804072581343,0.002692305250617285,140.4777149528837,0.0,234.12952492147286,0.0,234.12952492147286,234.12952492147286,0,"{'load': 1, 'battery': 1}",0,0.017948000000000006,1,0,0,0,0,"{'solar': 1, 'wind': 0, 'generator': 0}",285.0,0.0641,8.64,0.6
1825,-258.57035583437573,0.0,258.57035583437573,0.0,430.9505930572929,0.0,430.9505930572929,430.9505930572929,0,"{'load': 1, 'battery': 0}",0,0.0,2,0,0,0,0,"{'solar': 0, 'wind': 0, 'generator': 0}",285.0,6.1716,25.56,0.6
1826,-496.089537023036,28.2480702,167.84146682303592,0.0,279.7357780383932,0.0,266.13433165368815,188.320468,0,"{'load': 0, 'battery': 1}",0,188.320468,0,0,0,0,0,"{'solar': 1, 'wind': 0, 'generator': 0}",285.0,672.5731,21.996000000000002,0.6
1827,-109.7434112759555,21.182338800000007,88.56107247595548,0.0,147.60178745992582,0.0,288.81737945992586,288.81737945992586,0,"{'load': 1, 'battery': 0}",0,141.21559200000004,0,0,0,0,0,"{'solar': 1, 'wind': 0, 'generator': 0}",285.0,504.3414,5.976,0.6
1828,-424.237628796183,0.0,424.237628796183,0.0,471.37514310687004,0.0,471.37514310687004,471.37514310687004,0,"{'load': 1, 'battery': 1}",0,0.0,0,0,0,0,0,"{'solar': 0, 'wind': 0, 'generator': 0}",285.0,0.2473,31.895999999999997,0.8999999999999999
1829,-172.82400318717237,0.0,172.82400318717237,0.0,288.04000531195396,0.0,288.04000531195396,288.04000531195396,0,"{'load': 1, 'battery': 1}",0,0.0,1,0,0,0,0,"{'solar': 0, 'wind': 0, 'generator': 0}",285.0,0.0008,15.48,0.6
1830,-309.30442989913803,0.0015833333333333333,309.3028465658047,270.0,245.50474427634114,0.0,256.41040611343806,270.0,1,"{'load': 1, 'battery': 1}",1,0.0,0,0,0,0,0,"{'solar': 0, 'wind': 0, 'generator': 0}",285.0,0.0216,5.796,0.6
1831,-183.1368440877852,0.0,183.1368440877852,0.0,305.228073479642,0.0,305.228073479642,305.228073479642,0,"{'load': 1, 'battery': 1}",0,0.0,1,0,0,0,0,"{'solar': 0, 'wind': 0, 'generator': 0}",285.0,18.1429,3.708,0.6
1832,-65.11889668295629,32.213827800000004,32.90506888295628,0.0,54.841781471593805,0.0,269.6006334715938,269.6006334715938,0,"{'load': 1, 'battery': 1}",0,214.75885200000002,0,0,0,0,0,"{'solar': 1, 'wind': 0, 'generator': 0}",285.0,766.9959,23.759999999999998,0.6
1833,-59.94940646564149,26.9777802,32.97162626564149,0.0,54.95271044273582,0.0,234.80457844273585,234.80457844273585,0,"{'load': 1, 'battery': 1}",0,179.85186800000002,0,0,0,0,0,"{'solar': 1, 'wind': 0, 'generator': 0}",285.0,642.3281,19.296000000000003,0.6
1834,-432.42732701955583,0.05687442339876544,432.37045259615707,0.0,480.41161399573014,0.0,480.41161399573014,480.41161399573014,0,"{'load': 1, 'battery': 0}",0,0.37914800000000004,1,0,0,0,0,"{'solar': 1, 'wind': 0, 'generator': 0}",285.0,1.3541,9.360000000000001,0.8999999999999999
1835,-157.6865670191945,0.0,157.6865670191945,0.0,262.81094503199085,0.0,262.81094503199085,262.81094503199085,0,"{'load': 1, 'battery': 1}",0,0.0,1,0,0,0,0,"{'solar': 1, 'wind': 0, 'generator': 0}",285.0,0.0,10.08,0.6
1836,-83.4423418779708,0.0,83.4423418779708,0.0,139.070569796618,0.0,139.070569796618,139.070569796618,0,"{'load': 1, 'battery': 1}",0,0.0,1,0,0,0,0,"{'solar': 1, 'wind': 0, 'generator': 0}",285.0,0.0,25.236,0.6
1837,-169.57861050614343,0.0,169.57861050614343,0.0,282.6310175102391,0.0,282.6310175102391,282.6310175102391,0,"{'load': 1, 'battery': 1}",0,0.0,1,0,0,0,0,"{'solar': 0, 'wind': 0, 'generator': 0}",285.0,94.5116,22.176000000000002,0.6
1838,-38.947659810954455,33.710439,5.2372208109544545,0.0,8.728701351590757,0.0,233.46496135159077,233.46496135159077,0,"{'load': 1, 'battery': 1}",0,224.73626000000002,0,0,0,0,0,"{'solar': 1, 'wind': 0, 'generator': 0}",285.0,802.6295,2.9160000000000004,0.6
1839,-97.01392836819846,25.769881199999997,71.24404716819846,0.0,118.74007861366411,0.0,290.5392866136641,290.5392866136641,0,"{'load': 1, 'battery': 1}",0,171.799208,0,0,0,0,0,"{'solar': 1, 'wind': 0, 'generator': 0}",285.0,613.5686,10.296,0.6
1840,-409.3436381576182,0.22650645484444445,409.11713170277375,0.0,454.57459078085975,0.0,454.57459078085975,454.57459078085975,0,"{'load': 1, 'battery': 1}",0,1.5099840000000002,1,0,0,0,0,"{'solar': 1, 'wind': 0, 'generator': 0}",285.0,5.3928,26.676000000000002,0.8999999999999999
1841,-116.4009097425847,0.00019320755308641977,116.40071653503162,0.0,194.0011942250527,0.0,194.0011942250527,194.0011942250527,0,"{'load': 1, 'battery': 1}",0,0.001288,1,0,0,0,0,"{'solar': 1, 'wind': 0, 'generator': 0}",285.0,0.0046,17.424,0.6
1842,-84.64048417771674,0.0021755999999999998,84.63830857771674,0.0,141.0638476295279,0.0,141.0783516295279,141.0783516295279,0,"{'load': 1, 'battery': 1}",0,0.014504,0,0,0,0,0,"{'solar': 1, 'wind': 0, 'generator': 0}",285.0,0.0518,16.344,0.6
1843,-124.69632555198953,10.121181,114.57514455198952,0.0,190.95857425331587,0.0,258.43311425331586,258.43311425331586,0,"{'load': 1, 'battery': 0}",0,67.47454,0,0,0,0,0,"{'solar': 1, 'wind': 0, 'generator': 0}",285.0,240.9805,3.3120000000000003,0.6
1844,-65.79291298947591,37.8192906,27.973622389475906,0.0,14.722959152355742,0.0,266.85156315235577,266.85156315235577,0,"{'load': 1, 'battery': 1}",0,252.12860400000002,0,0,0,0,0,"{'solar': 1, 'wind': 0, 'generator': 0}",285.0,900.4593,19.188000000000002,1.9
1845,-2127.3952631742345,33.44793473333333,2093.9473284409014,270.0,328.2706652688289,0.0,373.1345786661956,492.97567599999996,1,"{'load': 1, 'battery': 1}",1,222.97567599999996,0,0,0,0,0,"{'solar': 1, 'wind': 0, 'generator': 0}",285.0,796.3417,8.424,3.5
1846,-914.9399012776348,0.0015833333333333333,914.9383179443015,270.0,211.54648312857978,0.0,481.5464831285798,481.5464831285798,1,"{'load': 1, 'battery': 1}",1,0.0,0,0,0,0,0,"{'solar': 0, 'wind': 0, 'generator': 0}",285.0,25.3061,16.848,1.9
1847,-131.39371597850933,0.002692305250617285,131.39102367325873,0.0,218.98503945543123,0.0,218.98503945543123,218.98503945543123,0,"{'load': 1, 'battery': 1}",0,0.017948000000000006,1,0,0,0,0,"{'solar': 1, 'wind': 0, 'generator': 0}",285.0,0.0641,4.464,0.6
1848,-92.30363499199015,0.0033432,92.30029179199015,0.0,153.8338196533169,0.0,153.8561076533169,153.8561076533169,0,"{'load': 1, 'battery': 1}",0,0.022288000000000002,0,0,0,0,0,"{'solar': 1, 'wind': 0, 'generator': 0}",285.0,0.0796,4.392,0.6
1849,-163.0122244169279,0.0,163.0122244169279,0.0,271.68704069487984,0.0,271.68704069487984,271.68704069487984,0,"{'load': 1, 'battery': 1}",0,0.0,0,0,0,0,0,"{'solar': 0, 'wind': 0, 'generator': 0}",285.0,104.3477,3.8160000000000003,0.6
1850,-124.13759636650207,39.924045,84.21355136650207,0.0,44.3229217718432,0.0,310.4832217718432,310.4832217718432,0,"{'load': 1, 'battery': 1}",0,266.1603,0,0,0,0,0,"{'solar': 1, 'wind': 0, 'generator': 0}",285.0,950.5725,6.3,1.9
1851,-1545.6849084633293,0.0,1545.6849084633293,0.0,441.6242595609512,0.0,441.6242595609512,441.6242595609512,0,"{'load': 1, 'battery': 1}",0,0.0,0,0,0,0,0,"{'solar': 0, 'wind': 0, 'generator': 0}",285.0,757.1897,7.272,3.5
1852,-955.9762969450051,2.6805828,956.869824545005,0.0,503.61569712895005,3.5741104000000004,503.61569712895005,503.61569712895005,0,"{'load': 1, 'battery': 1}",0,17.870552,2,0,0,0,0,"{'solar': 1, 'wind': 0, 'generator': 0}",285.0,63.8234,6.372,1.9
1853,-202.64348324094487,0.0,202.64348324094487,0.0,337.7391387349081,0.0,240.84678261191505,270.0,1,"{'load': 1, 'battery': 0}",1,0.0,1,0,0,0,0,"{'solar': 0, 'wind': 0, 'generator': 0}",15.0,0.1337,11.124,0.6
1854,-93.56286680575975,0.0,93.56286680575975,0.0,155.93811134293293,0.0,155.93811134293293,155.93811134293293,0,"{'load': 1, 'battery': 1}",0,0.0,0,0,0,0,0,"{'solar': 1, 'wind': 0, 'generator': 0}",285.0,0.0,24.984,0.6
1855,-154.68756995084217,2.8996421999999997,151.7879277508422,0.0,252.979879584737,0.0,272.310827584737,272.310827584737,0,"{'load': 1, 'battery': 1}",0,19.330948,0,0,0,0,0,"{'solar': 1, 'wind': 0, 'generator': 0}",285.0,69.0391,5.04,0.6
1856,-650.0692406090403,30.7455792,660.3177670090404,0.0,347.53566684686336,40.99410560000001,347.53566684686336,347.53566684686336,0,"{'load': 1, 'battery': 1}",0,204.97052800000003,2,0,0,0,0,"{'solar': 1, 'wind': 0, 'generator': 0}",285.0,732.0376,4.464,1.9
1857,-1077.307037739922,32.6439078,1044.6631299399219,0.0,298.47517998283485,0.0,516.1012319828349,516.1012319828349,0,"{'load': 1, 'battery': 1}",0,217.62605200000002,0,0,0,0,0,"{'solar': 1, 'wind': 0, 'generator': 0}",285.0,777.2359,13.716000000000001,3.5
1858,-1052.1034004271758,2.4219342,1049.6814662271759,0.0,552.4639295932504,0.0,568.6101575932504,568.6101575932504,0,"{'load': 1, 'battery': 1}",0,16.146228,0,0,0,0,0,"{'solar': 1, 'wind': 0, 'generator': 0}",285.0,57.6651,6.12,1.9
1859,-168.66715383984123,0.001394454513580247,168.66575938532765,0.0,281.1095989755461,0.0,281.1095989755461,281.1095989755461,0,"{'load': 1, 'battery': 0}",0,0.009296,1,0,0,0,0,"{'solar': 1, 'wind': 0, 'generator': 0}",285.0,0.0332,5.508,0.6
1860,-108.85223331603187,0.0,108.85223331603187,0.0,181.42038886005312,0.0,181.42038886005312,181.42038886005312,0,"{'load': 1, 'battery': 1}",0,0.0,0,0,0,0,0,"{'solar': 0, 'wind': 0, 'generator': 0}",285.0,0.0602,11.735999999999999,0.6
1861,-178.9534485623514,0.0,178.9534485623514,0.0,298.255747603919,0.0,298.255747603919,298.255747603919,0,"{'load': 1, 'battery': 1}",0,0.0,1,0,0,0,0,"{'solar': 0, 'wind': 0, 'generator': 0}",285.0,235.5453,2.16,0.6
1862,-552.9684956517539,17.6655108,535.3029848517539,0.0,281.7384130798705,0.0,399.50848507987047,399.5084850798705,0,"{'load': 1, 'battery': 1}",0,117.770072,0,0,0,0,0,"{'solar': 1, 'wind': 0, 'generator': 0}",285.0,420.6074,7.416,1.9
1863,-1142.0411971779884,32.8089384,1109.2322587779884,0.0,316.92350250799666,0.0,535.6497585079967,535.6497585079967,0,"{'load': 1, 'battery': 0}",0,218.72625600000003,0,0,0,0,0,"{'solar': 1, 'wind': 0, 'generator': 0}",285.0,781.1652,16.128000000000004,3.5
1864,-1098.1628000953442,1.6123211999999998,1096.5504788953442,0.0,577.1318309975496,0.0,587.8806389975497,587.8806389975497,0,"{'load': 1, 'battery': 1}",0,10.748807999999999,0,0,0,0,0,"{'solar': 1, 'wind': 0, 'generator': 0}",285.0,38.3886,23.040000000000003,1.9
1865,-168.02672081532657,0.0037967999999999995,168.02292401532657,0.0,280.03820669221096,0.0,280.06351869221095,280.06351869221095,0,"{'load': 1, 'battery': 1}",0,0.025311999999999998,0,0,0,0,0,"{'solar': 1, 'wind': 0, 'generator': 0}",285.0,0.0904,17.64,0.6
1866,-107.93479823559666,0.0,107.93479823559666,0.0,179.8913303926611,0.0,179.8913303926611,179.8913303926611,0,"{'load': 1, 'battery': 1}",0,0.0,0,0,0,0,0,"{'solar': 0, 'wind': 0, 'generator': 0}",285.0,0.0471,1.836,0.6
1867,-117.6925316319928,4.624477199999999,113.06805443199279,0.0,188.44675738665467,0.0,219.27660538665467,219.27660538665467,0,"{'load': 1, 'battery': 1}",0,30.829848,0,0,0,0,0,"{'solar': 1, 'wind': 0, 'generator': 0}",285.0,110.1066,13.356,0.6
1868,-129.98875618834902,35.7041706,94.28458558834902,0.0,49.623466099131065,0.0,287.65127009913107,287.65127009913107,0,"{'load': 1, 'battery': 1}",0,238.027804,0,0,0,0,0,"{'solar': 1, 'wind': 0, 'generator': 0}",285.0,850.0993,5.688000000000001,1.9
1869,-2113.018017432486,29.727171533333333,2083.290845899153,270.0,325.2259559711866,0.0,523.3965439711866,523.3965439711866,0,"{'load': 1, 'battery': 1}",0,198.170588,0,0,0,0,0,"{'solar': 1, 'wind': 0, 'generator': 0}",285.0,707.7521,26.136,3.5
1870,-1124.233694256303,0.38058527826666666,1123.8531089780363,0.0,591.5016363042297,0.0,591.5016363042297,591.5016363042297,0,"{'load': 1, 'battery': 1}",0,2.537136,1,0,0,0,0,"{'solar': 1, 'wind': 0, 'generator': 0}",285.0,9.0612,16.92,1.9
1871,-158.75542741676574,0.001978277337037037,158.7534491394287,0.0,264.58908189904787,0.0,264.58908189904787,264.58908189904787,0,"{'load': 1, 'battery': 1}",0,0.013188,1,0,0,0,0,"{'solar': 1, 'wind': 0, 'generator': 0}",285.0,0.0471,10.692,0.6
1872,-104.779809555348,0.0,104.779809555348,0.0,174.63301592558,0.0,174.63301592558,174.63301592558,0,"{'load': 1, 'battery': 1}",0,0.0,0,0,0,0,0,"{'solar': 0, 'wind': 0, 'generator': 0}",285.0,0.027,12.816,0.6
1873,-181.66976289103243,0.0,181.66976289103243,0.0,302.7829381517207,0.0,302.7829381517207,302.7829381517207,0,"{'load': 1, 'battery': 1}",0,0.0,0,0,0,0,0,"{'solar': 0, 'wind': 0, 'generator': 0}",285.0,137.1789,1.836,0.6
1874,-302.1677375680079,32.9057988,269.2619387680079,0.0,141.7168098778989,0.0,361.0888018778989,361.0888018778989,0,"{'load': 1, 'battery': 1}",0,219.371992,0,0,0,0,0,"{'solar': 1, 'wind': 0, 'generator': 0}",285.0,783.4714,7.704000000000001,1.9
1875,-1648.001344691008,25.786597278590126,1622.2147474124179,0.0,463.4899278321194,0.0,463.4899278321194,463.4899278321194,0,"{'load': 1, 'battery': 1}",0,171.903928,1,0,0,0,0,"{'solar': 1, 'wind': 0, 'generator': 0}",285.0,613.9426,5.688000000000001,3.5
1876,-1094.4286908439988,0.0,1094.4286908439988,0.0,576.0151004442099,0.0,576.0151004442099,576.0151004442099,0,"{'load': 1, 'battery': 1}",0,0.0,2,0,0,0,0,"{'solar': 0, 'wind': 0, 'generator': 0}",285.0,0.2224,10.836,1.9
1877,-131.55605946797465,0.0,131.55605946797465,0.0,219.2600991132911,0.0,219.2600991132911,219.2600991132911,0,"{'load': 1, 'battery': 1}",0,0.0,0,0,0,0,0,"{'solar': 0, 'wind': 0, 'generator': 0}",285.0,0.0456,4.032000000000001,0.6
1878,-86.52163956074884,0.0,86.52163956074884,0.0,144.20273260124807,0.0,144.20273260124807,144.20273260124807,0,"{'load': 1, 'battery': 1}",0,0.0,0,0,0,0,0,"{'solar': 0, 'wind': 0, 'generator': 0}",285.0,0.0788,18.791999999999998,0.6
1879,-194.22194426294553,3.132549661145679,191.08939460179985,0.0,318.4823243363331,0.0,318.4823243363331,318.4823243363331,0,"{'load': 1, 'battery': 1}",0,20.882848,1,0,0,0,0,"{'solar': 1, 'wind': 0, 'generator': 0}",285.0,74.5816,6.8759999999999994,0.6
1880,-97.44491441306513,29.5979376,67.84697681306513,0.0,113.07829468844187,0.0,310.3978786884419,310.3978786884419,0,"{'load': 1, 'battery': 1}",0,197.31958400000002,0,0,0,0,0,"{'solar': 1, 'wind': 0, 'generator': 0}",285.0,704.7128,5.184,0.6
1881,-167.09342604360006,20.5567782,146.53664784360006,0.0,244.2277464060001,0.0,381.2729344060001,381.2729344060001,0,"{'load': 1, 'battery': 1}",0,137.045188,0,0,0,0,0,"{'solar': 1, 'wind': 0, 'generator': 0}",285.0,489.4471,10.404,0.6
1882,-455.7816709172176,0.0016548646938271605,455.78001605252376,0.0,506.42224005835976,0.0,506.42224005835976,506.42224005835976,0,"{'load': 1, 'battery': 1}",0,0.011032,1,0,0,0,0,"{'solar': 1, 'wind': 0, 'generator': 0}",285.0,0.0394,9.288,0.8999999999999999
1883,-115.86540366336185,0.0019487999999999997,115.86345486336185,0.0,193.1057581056031,0.0,193.11875010560308,193.11875010560308,0,"{'load': 1, 'battery': 1}",0,0.012991999999999998,0,0,0,0,0,"{'solar': 1, 'wind': 0, 'generator': 0}",285.0,0.0464,12.78,0.6
1884,-83.79371053488323,0.002919114117283951,83.79079142076594,0.0,139.6513190346099,0.0,139.6513190346099,139.6513190346099,0,"{'load': 1, 'battery': 1}",0,0.019460000000000005,1,0,0,0,0,"{'solar': 1, 'wind': 0, 'generator': 0}",285.0,0.0695,13.428,0.6
1885,-171.27526799395667,1.4951370000000002,169.78013099395667,0.0,282.9668849899278,0.0,292.9344649899278,292.9344649899278,0,"{'load': 1, 'battery': 1}",0,9.967580000000002,0,0,0,0,0,"{'solar': 1, 'wind': 0, 'generator': 0}",285.0,35.5985,12.78,0.6
1886,-80.68758644049235,26.9093748,53.77821164049235,0.0,89.63035273415392,0.0,269.0261847341539,269.0261847341539,0,"{'load': 1, 'battery': 1}",0,179.39583199999998,0,0,0,0,0,"{'solar': 1, 'wind': 0, 'generator': 0}",285.0,640.6994,5.652,0.6
1887,-185.71412109276025,17.640647627987654,168.0734734647726,0.0,280.122455774621,0.0,280.122455774621,280.122455774621,0,"{'load': 1, 'battery': 1}",0,117.59972,1,0,0,0,0,"{'solar': 1, 'wind': 0, 'generator': 0}",285.0,419.999,56.268,0.6
1888,-452.09888938029604,0.0,452.09888938029604,0.0,502.3320993114401,0.0,502.3320993114401,502.3320993114401,0,"{'load': 1, 'battery': 1}",0,0.0,2,0,0,0,0,"{'solar': 0, 'wind': 0, 'generator': 0}",285.0,0.0324,20.52,0.8999999999999999
1889,-160.61141401754216,0.0,160.61141401754216,0.0,267.6856900292369,0.0,267.6856900292369,267.6856900292369,0,"{'load': 1, 'battery': 1}",0,0.0,1,0,0,0,0,"{'solar': 0, 'wind': 0, 'generator': 0}",285.0,0.0896,16.308,0.6
1890,-79.8397413400932,0.004964399999999999,79.83477694009319,0.0,133.057961566822,0.0,133.091057566822,133.091057566822,0,"{'load': 1, 'battery': 1}",0,0.033095999999999993,0,0,0,0,0,"{'solar': 1, 'wind': 0, 'generator': 0}",285.0,0.1182,29.628000000000004,0.6
1891,-177.07723275989744,0.0,177.07723275989744,0.0,295.12872126649575,0.0,295.12872126649575,295.12872126649575,0,"{'load': 1, 'battery': 1}",0,0.0,2,0,0,0,0,"{'solar': 0, 'wind': 0, 'generator': 0}",285.0,6.1574,26.82,0.6
1892,-80.36223175461708,22.8902058,57.47202595461709,0.0,95.78670992436182,0.0,248.3880819243618,248.3880819243618,0,"{'load': 1, 'battery': 1}",0,152.601372,0,0,0,0,0,"{'solar': 1, 'wind': 0, 'generator': 0}",285.0,545.0049,49.14,0.6
1893,-441.1215129490003,1.144611946454321,139.97690100254596,0.0,233.29483500424325,0.0,262.110780947648,0.0,0,"{'load': 0, 'battery': 1}",0,7.630448,1,0,0,0,0,"{'solar': 1, 'wind': 0, 'generator': 0}",285.0,27.2516,9.0,0.6
1894,-714.620337296784,0.0009072354666666668,714.6194300613173,270.0,524.0215889570193,0.0,524.0215889570193,524.0215889570193,0,"{'load': 1, 'battery': 0}",0,0.006048000000000001,1,0,0,0,0,"{'solar': 1, 'wind': 0, 'generator': 0}",285.0,0.0216,15.192,0.8999999999999999
1895,-187.66981826672455,0.0024024000000000003,187.66741586672455,0.0,312.77902644454093,0.0,312.7950424445409,312.7950424445409,0,"{'load': 1, 'battery': 1}",0,0.016016000000000002,0,0,0,0,0,"{'solar': 1, 'wind': 0, 'generator': 0}",285.0,0.0572,5.9399999999999995,0.6
1896,-139.4814409529019,0.005422411979012345,139.47601854092287,0.0,232.46003090153812,0.0,232.46003090153812,232.46003090153812,0,"{'load': 1, 'battery': 1}",0,0.036148,1,0,0,0,0,"{'solar': 1, 'wind': 0, 'generator': 0}",285.0,0.1291,6.984,0.6
1897,-271.24188048072364,0.0,271.24188048072364,0.0,452.06980080120604,0.0,452.06980080120604,452.06980080120604,0,"{'load': 1, 'battery': 0}",0,0.0,2,0,0,0,0,"{'solar': 0, 'wind': 0, 'generator': 0}",285.0,29.0012,7.164,0.6
1898,-127.14492355886401,20.873924400000003,106.270999158864,0.0,177.11833193144,0.0,316.27782793144,316.27782793144,0,"{'load': 1, 'battery': 0}",0,139.15949600000002,0,0,0,0,0,"{'solar': 1, 'wind': 0, 'generator': 0}",285.0,496.9982,11.592,0.6
1899,-99.88841335322142,16.152108000000002,83.73630535322143,0.0,139.56050892203572,0.0,247.24122892203573,247.24122892203573,0,"{'load': 1, 'battery': 1}",0,107.68072000000001,0,0,0,0,0,"{'solar': 1, 'wind': 0, 'generator': 0}",285.0,384.574,7.056,0.6
1900,-498.91887553900335,0.0017514684703703709,498.91712407053296,0.0,554.35236007837,0.0,554.35236007837,554.35236007837,0,"{'load': 1, 'battery': 1}",0,0.011676000000000002,1,0,0,0,0,"{'solar': 1, 'wind': 0, 'generator': 0}",285.0,0.0417,27.864,0.8999999999999999
1901,-201.487997787591,0.0,201.487997787591,0.0,335.81332964598505,0.0,335.81332964598505,335.81332964598505,0,"{'load': 1, 'battery': 1}",0,0.0,0,0,0,0,0,"{'solar': 0, 'wind': 0, 'generator': 0}",285.0,0.0989,25.452,0.6
1902,-161.7962340610613,0.001558260917283951,161.79467580014403,0.0,269.6577930002401,0.0,269.6577930002401,269.6577930002401,0,"{'load': 1, 'battery': 1}",0,0.010388000000000001,1,0,0,0,0,"{'solar': 1, 'wind': 0, 'generator': 0}",285.0,0.0371,17.64,0.6
1903,-301.94240815308,0.0367374,301.90567075308,0.0,503.1761179218001,0.0,503.4210339218001,503.4210339218001,0,"{'load': 1, 'battery': 1}",0,0.24491600000000005,0,0,0,0,0,"{'solar': 1, 'wind': 0, 'generator': 0}",285.0,0.8747,19.152,0.6
1904,-215.49064178100232,0.0015833333333333333,215.48905844766898,270.0,89.14843074611497,0.0,359.14843074611497,359.14843074611497,1,"{'load': 1, 'battery': 1}",1,0.0,0,0,0,0,0,"{'solar': 0, 'wind': 0, 'generator': 0}",285.0,284.8014,18.720000000000002,0.6
1905,-183.71805399954187,11.813915242828394,171.90413875671348,0.0,286.5068979278558,0.0,286.5068979278558,286.5068979278558,0,"{'load': 1, 'battery': 1}",0,78.756356,1,0,0,0,0,"{'solar': 1, 'wind': 0, 'generator': 0}",285.0,281.2727,34.632,0.6
1906,-464.00759736337164,0.0024611333333333335,464.0051362300383,270.0,245.56126247782038,0.0,515.5671144778204,515.5671144778204,1,"{'load': 1, 'battery': 1}",1,0.005852,0,0,0,0,0,"{'solar': 1, 'wind': 0, 'generator': 0}",285.0,0.0209,27.828000000000003,0.8999999999999999
1907,-192.57172882536415,0.0019782,192.57238822536416,0.0,320.95398037560693,0.0026376000000000004,320.95398037560693,320.95398037560693,0,"{'load': 1, 'battery': 1}",0,0.013188,2,0,0,0,0,"{'solar': 1, 'wind': 0, 'generator': 0}",285.0,0.0471,19.8,0.6
1908,-189.45963599241102,0.0023058901444444444,189.45733010226658,0.0,315.762216837111,0.0,315.762216837111,315.762216837111,0,"{'load': 1, 'battery': 1}",0,0.015372,1,0,0,0,0,"{'solar': 1, 'wind': 0, 'generator': 0}",285.0,0.0549,19.008000000000003,0.6
1909,-259.3214327232733,0.0,259.3214327232733,0.0,432.2023878721222,0.0,432.2023878721222,432.2023878721222,0,"{'load': 1, 'battery': 1}",0,0.0,0,0,0,0,0,"{'solar': 0, 'wind': 0, 'generator': 0}",285.0,2.3555,29.376,0.6
1910,-204.87516649784448,0.0,204.87516649784448,0.0,341.4586108297408,0.0,341.4586108297408,341.4586108297408,0,"{'load': 1, 'battery': 1}",0,0.0,1,0,0,0,0,"{'solar': 0, 'wind': 0, 'generator': 0}",285.0,427.0419,4.032000000000001,0.6
1911,-160.84497587817788,0.0,160.84497587817788,0.0,268.0749597969631,0.0,268.0749597969631,268.0749597969631,0,"{'load': 1, 'battery': 0}",0,0.0,0,0,0,0,0,"{'solar': 0, 'wind': 0, 'generator': 0}",285.0,53.1649,36.576,0.6
1912,-456.56654117357255,0.003431333333333333,456.5655738402392,270.0,237.29508204471028,0.0024640000000000005,507.2950820447103,507.2950820447103,1,"{'load': 1, 'battery': 1}",1,0.012320000000000001,2,0,0,0,0,"{'solar': 1, 'wind': 0, 'generator': 0}",285.0,0.044,19.908,0.8999999999999999
1913,-175.09421439099188,0.001071,175.09314339099188,0.0,291.82190565165314,0.0,291.82904565165313,291.82904565165313,0,"{'load': 1, 'battery': 1}",0,0.00714,0,0,0,0,0,"{'solar': 1, 'wind': 0, 'generator': 0}",285.0,0.0255,15.984000000000002,0.6
1914,-122.01904343238782,0.0,122.01904343238782,0.0,203.36507238731303,0.0,203.36507238731303,203.36507238731303,0,"{'load': 1, 'battery': 1}",0,0.0,1,0,0,0,0,"{'solar': 0, 'wind': 0, 'generator': 0}",285.0,0.0974,10.476,0.6
1915,-207.09004803219838,0.0,207.09004803219838,0.0,345.150080053664,0.0,345.150080053664,345.150080053664,0,"{'load': 1, 'battery': 1}",0,0.0,0,0,0,0,0,"{'solar': 0, 'wind': 0, 'generator': 0}",285.0,8.1365,9.684,0.6
1916,-100.45674483464984,31.8546606,68.60208423464984,0.0,114.33680705774972,0.0,326.70121105774973,326.70121105774973,0,"{'load': 1, 'battery': 1}",0,212.364404,0,0,0,0,0,"{'solar': 1, 'wind': 0, 'generator': 0}",285.0,758.4443,6.228,0.6
1917,-332.90358198478566,27.108475800000004,5.795106184785652,0.0,9.658510307976087,0.0,236.19967900116978,180.72317200000003,0,"{'load': 0, 'battery': 1}",0,180.72317200000003,0,0,0,0,0,"{'solar': 1, 'wind': 0, 'generator': 0}",285.0,645.4399,5.076,0.6
1918,-415.62548431102806,0.0,415.62548431102806,0.0,461.8060936789201,0.0,461.8060936789201,461.8060936789201,0,"{'load': 1, 'battery': 1}",0,0.0,1,0,0,0,0,"{'solar': 0, 'wind': 0, 'generator': 0}",285.0,1.004,5.256,0.8999999999999999
1919,-163.90745785123505,0.0007476,163.90671025123504,0.0,273.1778504187251,0.0,273.18283441872507,273.18283441872507,0,"{'load': 1, 'battery': 1}",0,0.004984,0,0,0,0,0,"{'solar': 1, 'wind': 0, 'generator': 0}",285.0,0.0178,10.512,0.6
1920,-103.51411796260771,0.003116521834567902,103.51100144077314,0.0,172.5183357346219,0.0,172.5183357346219,172.5183357346219,0,"{'load': 1, 'battery': 1}",0,0.020776000000000003,1,0,0,0,0,"{'solar': 1, 'wind': 0, 'generator': 0}",285.0,0.0742,9.972,0.6
1921,-182.9831992937339,0.0,182.9831992937339,0.0,304.9719988228898,0.0,304.9719988228898,304.9719988228898,0,"{'load': 1, 'battery': 1}",0,0.0,1,0,0,0,0,"{'solar': 0, 'wind': 0, 'generator': 0}",285.0,93.6722,1.476,0.6
1922,-56.967694924287414,35.6608182,21.30687672428741,0.0,35.511461207145686,0.0,227.69194708621094,237.738788,0,"{'load': 1, 'battery': 1}",0,237.738788,0,0,0,0,0,"{'solar': 1, 'wind': 0, 'generator': 0}",285.0,849.0671,24.66,0.6
1923,-166.0128022327651,0.0,166.0128022327651,0.0,276.68800372127515,0.0,276.68800372127515,276.68800372127515,0,"{'load': 1, 'battery': 1}",0,0.0,0,0,0,0,0,"{'solar': 0, 'wind': 0, 'generator': 0}",285.0,736.1949,4.86,0.6
1924,-395.97200272701974,0.16963799999999998,396.0285487270197,0.0,440.03172080779973,0.226184,440.03172080779973,440.03172080779973,0,"{'load': 1, 'battery': 1}",0,1.13092,2,0,0,0,0,"{'solar': 1, 'wind': 0, 'generator': 0}",285.0,4.039,2.736,0.8999999999999999
1925,-113.73254152002183,0.0,113.73254152002183,0.0,189.55423586670304,0.0,189.55423586670304,189.55423586670304,0,"{'load': 1, 'battery': 1}",0,0.0,2,0,0,0,0,"{'solar': 1, 'wind': 0, 'generator': 0}",285.0,0.0,15.3,0.6
1926,-84.75689517711064,0.007790999999999999,84.74910417711064,0.0,141.24850696185106,0.0,141.30044696185107,141.30044696185107,0,"{'load': 1, 'battery': 1}",0,0.05194,0,0,0,0,0,"{'solar': 1, 'wind': 0, 'generator': 0}",285.0,0.1855,15.120000000000001,0.6
1927,-168.07369526130267,8.378659747966667,159.695035513336,0.0,266.1583925222267,0.0,266.1583925222267,266.1583925222267,0,"{'load': 1, 'battery': 1}",0,55.855548000000006,1,0,0,0,0,"{'solar': 1, 'wind': 0, 'generator': 0}",285.0,199.4841,4.212,0.6
1928,-188.8080378734968,38.201368800000004,150.6066690734968,0.0,251.01111512249466,0.0,249.67088918474795,254.67579200000003,0,"{'load': 1, 'battery': 1}",0,254.67579200000003,0,0,0,0,0,"{'solar': 1, 'wind': 0, 'generator': 0}",285.0,909.5564,9.792000000000002,0.6
1929,-390.0767936191141,32.9736876,357.1031060191141,0.0,102.02945886260403,0.0,321.85404286260405,321.85404286260405,0,"{'load': 1, 'battery': 1}",0,219.82458400000002,0,0,0,0,0,"{'solar': 1, 'wind': 0, 'generator': 0}",285.0,785.0878,13.428,3.5
1930,-896.9464355853354,1.1822454,895.7641901853353,0.0,471.4548369396502,0.0,479.3364729396502,479.3364729396502,0,"{'load': 1, 'battery': 1}",0,7.881636,0,0,0,0,0,"{'solar': 1, 'wind': 0, 'generator': 0}",285.0,28.1487,22.356,1.9
1931,-126.89078005929129,0.0,126.89078005929129,0.0,211.48463343215215,0.0,211.48463343215215,211.48463343215215,0,"{'load': 1, 'battery': 1}",0,0.0,0,0,0,0,0,"{'solar': 0, 'wind': 0, 'generator': 0}",285.0,0.0,3.6,0.6
1932,-87.5209782182934,0.0,87.5209782182934,0.0,145.868297030489,0.0,145.868297030489,145.868297030489,0,"{'load': 1, 'battery': 1}",0,0.0,1,0,0,0,0,"{'solar': 0, 'wind': 0, 'generator': 0}",285.0,0.061,4.680000000000001,0.6
1933,-161.42308953403924,5.090237793286419,156.33285174075283,0.0,260.55475290125474,0.0,260.55475290125474,260.55475290125474,0,"{'load': 1, 'battery': 1}",0,33.933592,1,0,0,0,0,"{'solar': 1, 'wind': 0, 'generator': 0}",285.0,121.1914,17.532,0.6
1934,-599.4274142218186,38.63721804947407,560.7901961723445,0.0,295.15273482754975,0.0,295.15273482754975,295.15273482754975,0,"{'load': 1, 'battery': 0}",0,257.57138399999997,1,0,0,0,0,"{'solar': 1, 'wind': 0, 'generator': 0}",285.0,919.8978,18.791999999999998,1.9
1935,-487.1585061823376,31.2206538,455.9378523823376,0.0,130.26795782352502,0.0,338.40564982352504,338.40564982352504,0,"{'load': 1, 'battery': 1}",0,208.13769200000002,0,0,0,0,0,"{'solar': 1, 'wind': 0, 'generator': 0}",285.0,743.3489,28.116,3.5
1936,-951.0494587694662,2.7091512,948.3403075694663,0.0,499.1264776681402,0.0,517.1874856681402,517.1874856681402,0,"{'load': 1, 'battery': 1}",0,18.061008,0,0,0,0,0,"{'solar': 1, 'wind': 0, 'generator': 0}",285.0,64.5036,5.436,1.9
1937,-145.83848739394375,0.0,145.83848739394375,0.0,243.06414565657295,0.0,243.06414565657295,243.06414565657295,0,"{'load': 1, 'battery': 1}",0,0.0,0,0,0,0,0,"{'solar': 0, 'wind': 0, 'generator': 0}",285.0,0.0077,14.652000000000001,0.6
1938,-91.2266881026984,0.005418,91.22849410269839,0.0,152.047490171164,0.007224,152.047490171164,152.047490171164,0,"{'load': 1, 'battery': 1}",0,0.03612,2,0,0,0,0,"{'solar': 1, 'wind': 0, 'generator': 0}",285.0,0.129,8.784,0.6
1939,-172.97154941857008,9.539139914759259,163.43240950381082,0.0,272.38734917301804,0.0,272.38734917301804,272.38734917301804,0,"{'load': 1, 'battery': 1}",0,63.59178,1,0,0,0,0,"{'solar': 1, 'wind': 0, 'generator': 0}",285.0,227.1135,21.6,0.6
1940,-213.11018172751412,38.7434208,174.36676092751412,0.0,91.77197943553375,0.0,350.0614514355338,350.0614514355338,0,"{'load': 1, 'battery': 1}",0,258.28947200000005,0,0,0,0,0,"{'solar': 1, 'wind': 0, 'generator': 0}",285.0,922.4624,4.680000000000001,1.9
1941,-1612.4439046385144,0.0,1612.4439046385144,0.0,460.69825846814695,0.0,460.69825846814695,460.69825846814695,0,"{'load': 1, 'battery': 1}",0,0.0,0,0,0,0,0,"{'solar': 0, 'wind': 0, 'generator': 0}",285.0,793.2121,23.076,3.5
1942,-1023.9083304303844,2.3595264,1021.5488040303843,0.0,537.6572652791497,0.0,553.3874412791497,553.3874412791497,0,"{'load': 1, 'battery': 1}",0,15.730176000000002,0,0,0,0,0,"{'solar': 1, 'wind': 0, 'generator': 0}",285.0,56.1792,7.272,1.9
1943,-152.07863319189715,0.0,152.07863319189715,0.0,253.46438865316193,0.0,253.46438865316193,253.46438865316193,0,"{'load': 1, 'battery': 1}",0,0.0,0,0,0,0,0,"{'solar': 0, 'wind': 0, 'generator': 0}",285.0,0.0857,2.592,0.6
1944,-105.27584936350095,0.0023016,105.27354776350096,0.0,175.45591293916826,0.0,175.47125693916826,175.47125693916826,0,"{'load': 1, 'battery': 1}",0,0.015344000000000002,0,0,0,0,0,"{'solar': 1, 'wind': 0, 'generator': 0}",285.0,0.0548,11.16,0.6
1945,-184.00176113314612,0.0,184.00176113314612,0.0,306.6696018885769,0.0,306.6696018885769,306.6696018885769,0,"{'load': 1, 'battery': 1}",0,0.0,0,0,0,0,0,"{'solar': 0, 'wind': 0, 'generator': 0}",285.0,75.6184,13.536,0.6
1946,-780.4284497904804,38.30054548789259,742.1279043025878,0.0,390.5936338434673,0.0,390.5936338434673,390.5936338434673,0,"{'load': 1, 'battery': 1}",0,255.326988,1,0,0,0,0,"{'solar': 1, 'wind': 0, 'generator': 0}",285.0,911.8821,7.920000000000001,1.9
1947,-1169.6382564112125,33.545379,1136.0928774112126,0.0,324.5979649746322,0.0,548.2338249746322,548.2338249746322,0,"{'load': 1, 'battery': 1}",0,223.63585999999998,0,0,0,0,0,"{'solar': 1, 'wind': 0, 'generator': 0}",285.0,798.6995,12.276000000000002,3.5
1948,-1094.7803152986169,1.5761634,1093.2041518986168,0.0,575.37060626243,0.0,585.87836226243,585.87836226243,0,"{'load': 1, 'battery': 0}",0,10.507756,0,0,0,0,0,"{'solar': 1, 'wind': 0, 'generator': 0}",285.0,37.5277,11.879999999999999,1.9
1949,-164.3898166640389,0.0009072354666666668,164.38890942857225,0.0,273.98151571428707,0.0,273.98151571428707,273.98151571428707,0,"{'load': 1, 'battery': 1}",0,0.006048000000000001,1,0,0,0,0,"{'solar': 1, 'wind': 0, 'generator': 0}",285.0,0.0216,9.936,0.6
1950,-107.60121865010514,0.0015582000000000003,107.59966045010513,0.0,179.3327674168419,0.0,179.3431554168419,179.3431554168419,0,"{'load': 1, 'battery': 1}",0,0.010388000000000001,0,0,0,0,0,"{'solar': 1, 'wind': 0, 'generator': 0}",285.0,0.0371,7.2,0.6
1951,-155.7810510232098,8.148693000000002,147.6323580232098,0.0,246.05393003868303,0.0,300.37855003868304,300.37855003868304,0,"{'load': 1, 'battery': 0}",0,54.32462000000001,0,0,0,0,0,"{'solar': 1, 'wind': 0, 'generator': 0}",285.0,194.0165,1.8,0.6
1952,-340.9070595484712,36.5700342,304.3370253484712,0.0,160.17738176235326,0.0,403.97760976235327,403.97760976235327,0,"{'load': 1, 'battery': 1}",0,243.800228,0,0,0,0,0,"{'solar': 1, 'wind': 0, 'generator': 0}",285.0,870.7151,6.48,1.9
1953,-1211.334292759313,29.319515400000004,1182.014777359313,0.0,337.7185078169466,0.0,533.1819438169466,533.1819438169466,0,"{'load': 1, 'battery': 1}",0,195.46343600000003,0,0,0,0,0,"{'solar': 1, 'wind': 0, 'generator': 0}",285.0,698.0837,5.58,3.5
1954,-936.6244330011485,0.9694314,935.6550016011486,0.0,492.4500008427098,0.0,498.9128768427098,498.9128768427098,0,"{'load': 1, 'battery': 1}",0,6.4628760000000005,0,0,0,0,0,"{'solar': 1, 'wind': 0, 'generator': 0}",285.0,23.0817,16.56,1.9
1955,-151.7907586807333,0.0,151.7907586807333,0.0,252.98459780122215,0.0,252.98459780122215,252.98459780122215,0,"{'load': 1, 'battery': 0}",0,0.0,0,0,0,0,0,"{'solar': 0, 'wind': 0, 'generator': 0}",285.0,0.0595,3.9600000000000004,0.6
1956,-102.51580668134473,0.0,102.51580668134473,0.0,170.8596778022412,0.0,170.8596778022412,170.8596778022412,0,"{'load': 1, 'battery': 1}",0,0.0,1,0,0,0,0,"{'solar': 0, 'wind': 0, 'generator': 0}",285.0,0.0371,9.684,0.6
1957,-188.24554651150078,0.0,188.24554651150078,0.0,313.742577519168,0.0,313.742577519168,313.742577519168,0,"{'load': 1, 'battery': 1}",0,0.0,0,0,0,0,0,"{'solar': 0, 'wind': 0, 'generator': 0}",285.0,168.1811,10.404,0.6
1958,-294.44376321752736,34.4784888,259.9652744175274,0.0,136.8238286408039,0.0,366.6804206408039,366.6804206408039,0,"{'load': 1, 'battery': 1}",0,229.856592,0,0,0,0,0,"{'solar': 1, 'wind': 0, 'generator': 0}",285.0,820.9164,7.416,1.9
1959,-1480.237546142333,14.6991558,1465.538390342333,0.0,418.72525438352375,0.0,516.7196263835237,516.7196263835237,0,"{'load': 1, 'battery': 1}",0,97.994372,0,0,0,0,0,"{'solar': 1, 'wind': 0, 'generator': 0}",285.0,349.9799,25.2,3.5
1960,-1110.9000764013347,0.040361999999999995,1110.8597144013347,0.0,584.6630075796498,0.0,584.9320875796499,584.9320875796499,0,"{'load': 1, 'battery': 1}",0,0.26908,0,0,0,0,0,"{'solar': 1, 'wind': 0, 'generator': 0}",285.0,0.961,24.840000000000003,1.9
1961,-150.7410066854322,0.0007476292271604937,150.74025905620505,0.0,251.2337650936751,0.0,251.2337650936751,251.2337650936751,0,"{'load': 1, 'battery': 1}",0,0.004984,1,0,0,0,0,"{'solar': 1, 'wind': 0, 'generator': 0}",285.0,0.0178,11.16,0.6
1962,-96.1540387182606,0.0021084,96.1519303182606,0.0,160.253217197101,0.0,160.26727319710102,160.26727319710102,0,"{'load': 1, 'battery': 1}",0,0.014056,0,0,0,0,0,"{'solar': 1, 'wind': 0, 'generator': 0}",285.0,0.0502,1.836,0.6
1963,-177.24096303740723,2.5169147940567904,174.72404824335044,0.0,291.2067470722507,0.0,291.2067470722507,291.2067470722507,0,"{'load': 1, 'battery': 1}",0,16.778776,1,0,0,0,0,"{'solar': 1, 'wind': 0, 'generator': 0}",285.0,59.9242,24.084000000000003,0.6
1964,-250.61867101167124,28.133292599999994,222.48537841167123,0.0,117.09756758509013,0.0,304.6528515850901,304.6528515850901,0,"{'load': 1, 'battery': 1}",0,187.55528399999997,0,0,0,0,0,"{'solar': 1, 'wind': 0, 'generator': 0}",285.0,669.8403,13.968,1.9
1965,-272.21511245574175,24.508588117222224,247.70652433851953,0.0,412.8442072308659,0.0,412.8442072308659,412.8442072308659,0,"{'load': 1, 'battery': 1}",0,163.38420000000002,1,0,0,0,0,"{'solar': 1, 'wind': 0, 'generator': 0}",285.0,583.515,5.472,0.6
1966,-503.7297854114249,0.0,503.7297854114249,0.0,559.69976156825,0.0,559.69976156825,559.69976156825,1,"{'load': 1, 'battery': 0}",1,0.0,0,0,0,0,0,"{'solar': 0, 'wind': 0, 'generator': 0}",15.0,0.0185,4.572,0.8999999999999999
1967,-124.40600177672803,0.002045479964197531,124.40395629676384,0.0,207.33992716127307,0.0,207.33992716127307,207.33992716127307,0,"{'load': 1, 'battery': 1}",0,0.013636000000000002,1,0,0,0,0,"{'solar': 1, 'wind': 0, 'generator': 0}",285.0,0.0487,4.824000000000001,0.6
1968,-85.26083267168214,0.003213,85.26190367168213,0.0,142.1031727861369,0.0042840000000000005,142.1031727861369,142.1031727861369,0,"{'load': 1, 'battery': 1}",0,0.02142,2,0,0,0,0,"{'solar': 1, 'wind': 0, 'generator': 0}",285.0,0.0765,15.3,0.6
1969,-178.11307330588534,1.9784495437691358,176.1346237621162,0.0,293.5577062701937,0.0,293.5577062701937,293.5577062701937,0,"{'load': 1, 'battery': 1}",0,13.189148000000001,1,0,0,0,0,"{'solar': 1, 'wind': 0, 'generator': 0}",285.0,47.1041,1.836,0.6
1970,-78.55939189972622,27.326670000000004,51.23272189972622,0.0,85.38786983287704,0.0,267.56566983287706,267.56566983287706,0,"{'load': 1, 'battery': 1}",0,182.17780000000002,0,0,0,0,0,"{'solar': 1, 'wind': 0, 'generator': 0}",285.0,650.635,2.9160000000000004,0.6
1971,-154.34930883557575,18.453283799999998,135.89602503557575,0.0,226.49337505929293,0.0,349.5152670592929,349.5152670592929,0,"{'load': 1, 'battery': 1}",0,123.021892,0,0,0,0,0,"{'solar': 1, 'wind': 0, 'generator': 0}",285.0,439.3639,7.992000000000001,0.6
1972,-451.87285089999705,0.0025619999999999996,451.87370489999705,0.0,502.0818943333301,0.0034159999999999998,502.0818943333301,502.0818943333301,0,"{'load': 1, 'battery': 1}",0,0.017079999999999998,2,0,0,0,0,"{'solar': 1, 'wind': 0, 'generator': 0}",285.0,0.061,40.464,0.8999999999999999
1973,-161.59511503658035,0.0,161.59511503658035,0.0,269.3251917276339,0.0,269.3251917276339,269.3251917276339,0,"{'load': 1, 'battery': 1}",0,0.0,1,0,0,0,0,"{'solar': 0, 'wind': 0, 'generator': 0}",285.0,0.0487,14.832,0.6
1974,-81.15712009537326,0.0032760000000000003,81.15384409537326,0.0,135.2564068256221,0.0,135.2782468256221,135.2782468256221,0,"{'load': 1, 'battery': 1}",0,0.021840000000000002,0,0,0,0,0,"{'solar': 1, 'wind': 0, 'generator': 0}",285.0,0.078,15.371999999999998,0.6
1975,-177.4689606196686,0.0,177.4689606196686,0.0,295.781601032781,0.0,295.781601032781,295.781601032781,0,"{'load': 1, 'battery': 1}",0,0.0,0,0,0,0,0,"{'solar': 0, 'wind': 0, 'generator': 0}",285.0,5.7153,14.508000000000001,0.6
1976,-78.72258219048474,24.8015376,53.92104459048475,0.0,89.86840765080791,0.0,255.2119916508079,255.2119916508079,0,"{'load': 1, 'battery': 0}",0,165.343584,0,0,0,0,0,"{'solar': 1, 'wind': 0, 'generator': 0}",285.0,590.5128,25.776,0.6
1977,-118.47107842749585,15.0638964,103.40718202749585,0.0,172.34530337915976,0.0,272.77127937915975,272.77127937915975,0,"{'load': 1, 'battery': 1}",0,100.425976,0,0,0,0,0,"{'solar': 1, 'wind': 0, 'generator': 0}",285.0,358.6642,5.148,0.6
1978,-434.7539922301381,0.0,434.7539922301381,0.0,483.0599913668202,0.0,483.0599913668202,483.0599913668202,0,"{'load': 1, 'battery': 1}",0,0.0,0,0,0,0,0,"{'solar': 0, 'wind': 0, 'generator': 0}",285.0,0.0239,39.744,0.8999999999999999
1979,-159.13569925115212,0.001428,159.13427125115211,0.0,265.2237854185869,0.0,265.2333054185869,265.2333054185869,0,"{'load': 1, 'battery': 1}",0,0.00952,0,0,0,0,0,"{'solar': 1, 'wind': 0, 'generator': 0}",285.0,0.034,0.396,0.6
1980,-125.85582256050549,0.00026041018024691357,125.85556215032524,0.0,209.75927025054207,0.0,209.75927025054207,209.75927025054207,0,"{'load': 1, 'battery': 0}",0,0.001736,1,0,0,0,0,"{'solar': 1, 'wind': 0, 'generator': 0}",285.0,0.0062,6.048,0.6
1981,-243.3531983584451,0.0015833333333333333,243.35161502511176,270.0,135.58602504185296,0.0,405.58602504185296,405.58602504185296,1,"{'load': 1, 'battery': 1}",1,0.0,2,0,0,0,0,"{'solar': 0, 'wind': 0, 'generator': 0}",285.0,1.6215,19.332,0.6
1982,-185.733589278564,21.360906000000004,192.85389127856402,0.0,321.42315213094,28.481208000000006,321.42315213094,321.42315213094,0,"{'load': 1, 'battery': 1}",0,142.40604000000002,2,0,0,0,0,"{'solar': 1, 'wind': 0, 'generator': 0}",285.0,508.593,4.392,0.6
1983,-155.9789710506753,7.431921000000001,148.54705005067532,0.0,247.57841675112556,0.0,297.12455675112557,297.12455675112557,0,"{'load': 1, 'battery': 1}",0,49.54614000000001,0,0,0,0,0,"{'solar': 1, 'wind': 0, 'generator': 0}",285.0,176.9505,11.376000000000001,0.6
1984,-482.5797535179713,0.0,482.5797535179713,0.0,536.1997261310793,0.0,536.1997261310793,536.1997261310793,0,"{'load': 1, 'battery': 1}",0,0.0,0,0,0,0,0,"{'solar': 0, 'wind': 0, 'generator': 0}",285.0,0.041,23.184,0.8999999999999999
1985,-200.7150051721403,0.0,200.7150051721403,0.0,334.52500862023385,0.0,334.52500862023385,334.52500862023385,0,"{'load': 1, 'battery': 0}",0,0.0,0,0,0,0,0,"{'solar': 0, 'wind': 0, 'generator': 0}",285.0,0.0928,6.12,0.6
1986,-180.727955697635,0.0,180.727955697635,0.0,301.21325949605836,0.0,301.21325949605836,301.21325949605836,0,"{'load': 1, 'battery': 1}",0,0.0,0,0,0,0,0,"{'solar': 1, 'wind': 0, 'generator': 0}",285.0,0.0,2.52,0.6
1987,-287.754398959752,0.0,287.754398959752,0.0,479.59066493292,0.0,479.59066493292,479.59066493292,0,"{'load': 1, 'battery': 1}",0,0.0,1,0,0,0,0,"{'solar': 0, 'wind': 0, 'generator': 0}",285.0,0.3824,8.712,0.6
1988,-160.5688961149158,21.327343799999998,139.2415523149158,0.0,232.06925385819298,0.0,374.25154585819297,374.25154585819297,0,"{'load': 1, 'battery': 1}",0,142.182292,0,0,0,0,0,"{'solar': 1, 'wind': 0, 'generator': 0}",285.0,507.7939,6.408,0.6
1989,-210.9484400195828,17.942977160535122,193.00546285904767,126.3532702,195.32250123174612,0.0,314.93740923174613,314.93740923174613,0,"{'load': 1, 'battery': 1}",0,119.61490800000001,0,0,0,0,0,"{'solar': 1, 'wind': 0, 'generator': 0}",285.0,427.1961,25.992,0.6
1990,-728.0121069074073,0.0,728.0121069074073,269.7307282,539.1716128082305,0.0,539.1716128082305,539.1716128082305,0,"{'load': 1, 'battery': 0}",0,0.0,0,0,0,0,0,"{'solar': 0, 'wind': 0, 'generator': 0}",285.0,0.044,16.272,0.8999999999999999
1991,-195.43946915913298,0.0,195.43946915913298,0.0,325.732448598555,0.0,325.732448598555,325.732448598555,0,"{'load': 1, 'battery': 1}",0,0.0,0,0,0,0,0,"{'solar': 0, 'wind': 0, 'generator': 0}",285.0,0.0487,8.64,0.6
1992,-145.91845313183532,0.003213,145.91524013183533,0.0,243.1920668863922,0.0,243.21348688639222,243.21348688639222,0,"{'load': 1, 'battery': 0}",0,0.02142,0,0,0,0,0,"{'solar': 1, 'wind': 0, 'generator': 0}",285.0,0.0765,29.088,0.6
1993,-280.83766641777584,0.047224800000000004,280.85340801777585,0.0,468.08901336295975,0.06296640000000002,468.08901336295975,468.08901336295975,0,"{'load': 1, 'battery': 1}",0,0.31483200000000006,2,0,0,0,0,"{'solar': 1, 'wind': 0, 'generator': 0}",285.0,1.1244,20.52,0.6
1994,-158.9602827561359,24.025276799999997,134.9350059561359,0.0,224.89167659355988,0.0,385.0601885935599,385.0601885935599,0,"{'load': 1, 'battery': 1}",0,160.168512,0,0,0,0,0,"{'solar': 1, 'wind': 0, 'generator': 0}",285.0,572.0304,25.056,0.6
1995,-174.2261774368851,0.0,174.2261774368851,0.0,290.3769623948085,0.0,290.3769623948085,290.3769623948085,0,"{'load': 1, 'battery': 1}",0,0.0,2,0,0,0,0,"{'solar': 0, 'wind': 0, 'generator': 0}",285.0,522.5486,21.564,0.6
1996,-475.2878443063544,0.0001302,475.28788770635435,0.0,528.0976530070604,0.0001736,528.0976530070604,528.0976530070604,0,"{'load': 1, 'battery': 1}",0,0.000868,2,0,0,0,0,"{'solar': 1, 'wind': 0, 'generator': 0}",285.0,0.0031,19.98,0.8999999999999999
1997,-177.94745916134886,0.0015833333333333333,177.94587582801552,270.0,26.576459713359213,0.0,296.5764597133592,296.5764597133592,1,"{'load': 1, 'battery': 1}",1,0.0,1,0,0,0,0,"{'solar': 0, 'wind': 0, 'generator': 0}",285.0,0.0216,4.212,0.6
1998,-111.0872207704944,0.0031794,111.0840413704944,0.0,185.140068950824,0.0,185.161264950824,185.161264950824,0,"{'load': 1, 'battery': 1}",0,0.021196000000000003,0,0,0,0,0,"{'solar': 1, 'wind': 0, 'generator': 0}",285.0,0.0757,18.144000000000002,0.6
1999,-220.8696695048039,0.0,220.8696695048039,0.0,368.1161158413399,0.0,368.1161158413399,368.1161158413399,0,"{'load': 1, 'battery': 1}",0,0.0,2,0,0,0,0,"{'solar': 0, 'wind': 0, 'generator': 0}",285.0,13.2368,6.6240000000000006,0.6
2000,-200.08255546466074,27.16754826427531,172.91500720038545,0.0,288.1916786673091,0.0,288.1916786673091,288.1916786673091,0,"{'load': 1, 'battery': 1}",0,181.10990800000002,1,0,0,0,0,"{'solar': 1, 'wind': 0, 'generator': 0}",285.0,646.8211,11.592,0.6
2001,-98.69962947626203,17.511677400000004,81.18795207626204,0.0,135.31325346043673,0.0,252.05776946043673,252.05776946043676,0,"{'load': 1, 'battery': 1}",0,116.74451600000002,0,0,0,0,0,"{'solar': 1, 'wind': 0, 'generator': 0}",285.0,416.9447,43.2,0.6
2002,-441.0752831299801,0.0,441.0752831299801,0.0,490.08364792220016,0.0,490.08364792220016,490.08364792220016,0,"{'load': 1, 'battery': 1}",0,0.0,1,0,0,0,0,"{'solar': 0, 'wind': 0, 'generator': 0}",285.0,0.3807,23.364,0.8999999999999999
2003,-177.0511636203524,0.007530599999999999,177.04363302035242,0.0,295.07272170058735,0.0,295.12292570058736,295.12292570058736,0,"{'load': 1, 'battery': 1}",0,0.050204,0,0,0,0,0,"{'solar': 1, 'wind': 0, 'generator': 0}",285.0,0.1793,22.715999999999998,0.6
2004,-92.00487958200301,0.0,92.00487958200301,0.0,153.34146597000503,0.0,153.34146597000503,153.34146597000503,0,"{'load': 1, 'battery': 1}",0,0.0,2,0,0,0,0,"{'solar': 0, 'wind': 0, 'generator': 0}",285.0,0.0,22.824,0.6
2005,-215.42034950176563,0.0,215.42034950176563,0.0,359.03391583627604,0.0,359.03391583627604,359.03391583627604,0,"{'load': 1, 'battery': 1}",0,0.0,1,0,0,0,0,"{'solar': 0, 'wind': 0, 'generator': 0}",285.0,63.3649,1.8,0.6
2006,-161.80110548988088,18.716910302455556,143.08419518742534,0.0,238.4736586457089,0.0,238.4736586457089,238.4736586457089,0,"{'load': 1, 'battery': 1}",0,124.774524,1,0,0,0,0,"{'solar': 1, 'wind': 0, 'generator': 0}",285.0,445.6233,11.592,0.6
2007,-153.4454854719689,0.0,153.4454854719689,0.0,255.74247578661488,0.0,255.74247578661488,255.74247578661488,0,"{'load': 1, 'battery': 1}",0,0.0,0,0,0,0,0,"{'solar': 0, 'wind': 0, 'generator': 0}",285.0,673.8683,10.152,0.6
2008,-350.66048068344,0.07832046179135801,350.5821602216487,0.0,389.53573357960965,0.0,389.53573357960965,389.53573357960965,0,"{'load': 1, 'battery': 1}",0,0.522116,1,0,0,0,0,"{'solar': 1, 'wind': 0, 'generator': 0}",285.0,1.8647,28.152,0.8999999999999999
2009,-110.14694453881434,0.0,110.14694453881434,0.0,183.5782408980239,0.0,183.5782408980239,183.5782408980239,0,"{'load': 1, 'battery': 1}",0,0.0,1,0,0,0,0,"{'solar': 1, 'wind': 0, 'generator': 0}",285.0,0.0,19.836,0.6
2010,-83.60226546397267,0.0,83.60226546397267,0.0,139.3371091066211,0.0,139.3371091066211,139.3371091066211,0,"{'load': 1, 'battery': 1}",0,0.0,0,0,0,0,0,"{'solar': 1, 'wind': 0, 'generator': 0}",285.0,0.0,13.356,0.6
2011,-139.31058627867898,6.963201,132.34738527867898,0.0,220.57897546446497,0.0,267.00031546446496,267.00031546446496,0,"{'load': 1, 'battery': 1}",0,46.42134,0,0,0,0,0,"{'solar': 1, 'wind': 0, 'generator': 0}",285.0,165.7905,24.12,0.6
2012,-142.11516349420484,0.0,142.11516349420484,0.0,236.85860582367474,0.0,236.85860582367474,236.85860582367474,0,"{'load': 1, 'battery': 1}",0,0.0,0,0,0,0,0,"{'solar': 0, 'wind': 0, 'generator': 0}",285.0,698.2767,3.6,0.6
2013,-95.19223478681872,31.142836199999998,64.04939858681873,0.0,106.74899764469788,0.0,314.3679056446979,314.3679056446979,0,"{'load': 1, 'battery': 0}",0,207.618908,0,0,0,0,0,"{'solar': 1, 'wind': 0, 'generator': 0}",285.0,741.4961,17.568,0.6
2014,-407.7178322972426,0.7194684,406.9983638972426,0.0,452.2204043302696,0.0,457.0168603302696,457.0168603302696,0,"{'load': 1, 'battery': 1}",0,4.796456,0,0,0,0,0,"{'solar': 1, 'wind': 0, 'generator': 0}",285.0,17.1302,25.56,0.8999999999999999
2015,-117.48044138529845,0.0042168,117.47622458529845,0.0,195.7937076421641,0.0,195.8218196421641,195.8218196421641,0,"{'load': 1, 'battery': 1}",0,0.028112,0,0,0,0,0,"{'solar': 1, 'wind': 0, 'generator': 0}",285.0,0.1004,3.24,0.6
2016,-85.05715308708658,0.0,85.05715308708658,0.0,141.76192181181096,0.0,141.76192181181096,141.76192181181096,0,"{'load': 1, 'battery': 1}",0,0.0,0,0,0,0,0,"{'solar': 0, 'wind': 0, 'generator': 0}",285.0,0.0,4.6080000000000005,0.6
2017,-478.46054131353776,9.549078000000002,168.91146331353772,0.0,281.5191055225629,0.0,263.62454177108384,63.66052000000001,0,"{'load': 0, 'battery': 1}",0,63.66052000000001,0,0,0,0,0,"{'solar': 1, 'wind': 0, 'generator': 0}",285.0,227.359,13.644,0.6
2018,-591.2766449475893,39.8052921131358,551.4713528344535,0.0,290.248080439186,0.0,290.248080439186,290.248080439186,0,"{'load': 1, 'battery': 1}",0,265.35823999999997,1,0,0,0,0,"{'solar': 1, 'wind': 0, 'generator': 0}",285.0,947.708,5.688000000000001,1.9
2019,-645.5352519833856,29.477632800000002,616.0576191833856,0.0,176.01646262382445,0.0,372.5340146238245,372.5340146238245,0,"{'load': 1, 'battery': 1}",0,196.51755200000002,0,0,0,0,0,"{'solar': 1, 'wind': 0, 'generator': 0}",285.0,701.8484,17.388,3.5
2020,-936.8811214159279,0.6479045333333333,936.2332168825945,270.0,222.75432467504976,0.0,497.06313267504976,497.06313267504976,1,"{'load': 1, 'battery': 1}",1,4.308808,0,0,0,0,0,"{'solar': 1, 'wind': 0, 'generator': 0}",285.0,15.3886,21.6,1.9
2021,-138.46555390025586,0.0,138.46555390025586,0.0,230.77592316709308,0.0,230.77592316709308,230.77592316709308,0,"{'load': 1, 'battery': 1}",0,0.0,0,0,0,0,0,"{'solar': 0, 'wind': 0, 'generator': 0}",285.0,0.0943,9.18,0.6
2022,-92.04986454970431,0.0,92.04986454970431,0.0,153.41644091617385,0.0,153.41644091617385,153.41644091617385,0,"{'load': 1, 'battery': 1}",0,0.0,0,0,0,0,0,"{'solar': 0, 'wind': 0, 'generator': 0}",285.0,0.0,0.5040000000000001,0.6
2023,-166.89409587465312,0.0,166.89409587465312,0.0,278.1568264577552,0.0,278.1568264577552,278.1568264577552,0,"{'load': 1, 'battery': 1}",0,0.0,0,0,0,0,0,"{'solar': 0, 'wind': 0, 'generator': 0}",285.0,283.1229,3.6,0.6
2024,-148.06315751805957,38.423389199999995,109.63976831805957,0.0,57.70514122003135,0.0,313.8610692200313,313.8610692200313,0,"{'load': 1, 'battery': 1}",0,256.15592799999996,0,0,0,0,0,"{'solar': 1, 'wind': 0, 'generator': 0}",285.0,914.8426,12.420000000000002,1.9
2025,-1571.856024682754,33.821906999999996,1583.129993682754,0.0,452.3228553379297,45.095876000000004,452.3228553379297,452.3228553379297,0,"{'load': 1, 'battery': 1}",0,225.47938,2,0,0,0,0,"{'solar': 1, 'wind': 0, 'generator': 0}",285.0,805.2835,10.908,3.5
2026,-999.9813798756172,2.944966127919753,997.0364137476975,0.0,524.7560072356302,0.0,524.7560072356302,524.7560072356302,0,"{'load': 1, 'battery': 1}",0,19.63234,1,0,0,0,0,"{'solar': 1, 'wind': 0, 'generator': 0}",285.0,70.1155,7.272,1.9
2027,-147.11678910999464,0.0,147.11678910999464,0.0,245.19464851665776,0.0,245.19464851665776,245.19464851665776,0,"{'load': 1, 'battery': 1}",0,0.0,0,0,0,0,0,"{'solar': 0, 'wind': 0, 'generator': 0}",285.0,0.0039,20.52,0.6
2028,-96.54967798855797,0.005514600000000001,96.54416338855798,0.0,160.90693898092997,0.0,160.94370298092997,160.94370298092997,0,"{'load': 1, 'battery': 1}",0,0.036764000000000005,0,0,0,0,0,"{'solar': 1, 'wind': 0, 'generator': 0}",285.0,0.1313,5.688000000000001,0.6
2029,-166.16258673194943,0.0,166.16258673194943,0.0,276.9376445532491,0.0,276.9376445532491,276.9376445532491,0,"{'load': 1, 'battery': 1}",0,0.0,0,0,0,0,0,"{'solar': 0, 'wind': 0, 'generator': 0}",285.0,71.5067,3.2760000000000002,0.6
2030,-769.3958013228654,38.041928777758024,731.3538725451074,0.0,384.9230908132144,0.0,384.9230908132144,384.9230908132144,0,"{'load': 1, 'battery': 1}",0,253.602944,1,0,0,0,0,"{'solar': 1, 'wind': 0, 'generator': 0}",285.0,905.7248,0.36000000000000004,1.9
2031,-1092.8267923198432,34.316688,1058.510104319843,0.0,302.431458377098,0.0,531.209378377098,531.209378377098,0,"{'load': 1, 'battery': 1}",0,228.77792,0,0,0,0,0,"{'solar': 1, 'wind': 0, 'generator': 0}",285.0,817.064,1.9440000000000002,3.5
2032,-1101.0922884752754,0.0,1101.0922884752754,0.0,579.5222570922502,0.0,579.5222570922502,579.5222570922502,0,"{'load': 1, 'battery': 1}",0,0.0,0,0,0,0,0,"{'solar': 0, 'wind': 0, 'generator': 0}",285.0,66.9443,7.5600000000000005,1.9
2033,-167.1423238761064,0.0014616571407407406,167.14086221896565,0.0,278.5681036982761,0.0,278.5681036982761,278.5681036982761,0,"{'load': 1, 'battery': 1}",0,0.009744,1,0,0,0,0,"{'solar': 1, 'wind': 0, 'generator': 0}",285.0,0.0348,19.656,0.6
2034,-107.31079242634907,0.0005208,107.31096602634906,0.0,178.85161004391512,0.0006944,178.85161004391512,178.85161004391512,0,"{'load': 1, 'battery': 1}",0,0.003472,2,0,0,0,0,"{'solar': 1, 'wind': 0, 'generator': 0}",285.0,0.0124,7.128,0.6
2035,-176.43468200851325,2.7895686000000004,173.64511340851325,0.0,289.4085223475221,0.0,308.0056463475221,308.0056463475221,0,"{'load': 1, 'battery': 1}",0,18.597124000000004,0,0,0,0,0,"{'solar': 1, 'wind': 0, 'generator': 0}",285.0,66.4183,18.791999999999998,0.6
2036,-284.39288250793913,37.74667260000001,246.64620990793915,0.0,129.81379468838904,0.0,381.4582786883891,381.4582786883891,0,"{'load': 1, 'battery': 1}",0,251.64448400000006,0,0,0,0,0,"{'solar': 1, 'wind': 0, 'generator': 0}",285.0,898.7303,8.64,1.9
2037,-1876.7601428709208,0.0,1876.7601428709208,0.0,536.217183677406,0.0,536.217183677406,536.217183677406,0,"{'load': 1, 'battery': 1}",0,0.0,0,0,0,0,0,"{'solar': 0, 'wind': 0, 'generator': 0}",285.0,659.8548,2.592,3.5
2038,-1144.0227569682972,0.0,1144.0227569682972,0.0,602.1172405096302,0.0,602.1172405096302,602.1172405096302,0,"{'load': 1, 'battery': 0}",0,0.0,0,0,0,0,0,"{'solar': 0, 'wind': 0, 'generator': 0}",285.0,32.7551,18.503999999999998,1.9
2039,-166.37256651780527,0.0,166.37256651780527,0.0,277.2876108630088,0.0,277.2876108630088,277.2876108630088,0,"{'load': 1, 'battery': 1}",0,0.0,0,0,0,0,0,"{'solar': 0, 'wind': 0, 'generator': 0}",285.0,0.0603,12.78,0.6
2040,-96.58187586069023,0.0009408367802469136,96.58093502390999,0.0,160.96822503984998,0.0,160.96822503984998,160.96822503984998,0,"{'load': 1, 'battery': 0}",0,0.006272000000000001,1,0,0,0,0,"{'solar': 1, 'wind': 0, 'generator': 0}",285.0,0.0224,14.292000000000002,0.6
2041,-123.1349086510222,2.553138,120.5817706510222,0.0,200.96961775170368,0.0,217.99053775170367,217.99053775170367,0,"{'load': 1, 'battery': 1}",0,17.02092,0,0,0,0,0,"{'solar': 1, 'wind': 0, 'generator': 0}",285.0,60.789,11.484,0.6
2042,-257.1841579513476,36.3567666,220.82739135134756,0.0,116.22494281649873,0.0,358.60338681649876,358.60338681649876,0,"{'load': 1, 'battery': 1}",0,242.37844400000003,0,0,0,0,0,"{'solar': 1, 'wind': 0, 'generator': 0}",285.0,865.6373,30.96,1.9
2043,-1908.5809521963834,29.337676200000004,1918.3601775963832,0.0,548.1029078846809,39.116901600000006,548.1029078846809,548.1029078846809,0,"{'load': 1, 'battery': 1}",0,195.58450800000003,2,0,0,0,0,"{'solar': 1, 'wind': 0, 'generator': 0}",285.0,698.5161,27.612000000000002,3.5
2044,-1100.6059091612208,0.0,1100.6059091612208,0.0,579.2662679795899,0.0,579.2662679795899,579.2662679795899,0,"{'load': 1, 'battery': 1}",0,0.0,0,0,0,0,0,"{'solar': 0, 'wind': 0, 'generator': 0}",285.0,4.0001,21.240000000000002,1.9
2045,-161.56763261931363,0.0,161.56763261931363,0.0,269.27938769885606,0.0,269.27938769885606,269.27938769885606,0,"{'load': 1, 'battery': 1}",0,0.0,0,0,0,0,0,"{'solar': 0, 'wind': 0, 'generator': 0}",285.0,0.0371,12.6,0.6
2046,-99.67849862166237,0.0039607548382716035,99.6745378668241,0.0,166.12422977804016,0.0,166.12422977804016,166.12422977804016,0,"{'load': 1, 'battery': 1}",0,0.026403999999999997,1,0,0,0,0,"{'solar': 1, 'wind': 0, 'generator': 0}",285.0,0.0943,2.088,0.6
2047,-175.85291913717708,5.1543702,177.5710425371771,0.0,295.95173756196186,6.8724936,295.95173756196186,295.95173756196186,0,"{'load': 1, 'battery': 1}",0,34.362468,2,0,0,0,0,"{'solar': 1, 'wind': 0, 'generator': 0}",285.0,122.7231,11.268,0.6
2048,-262.2166565125483,32.4230802,229.79357631254828,0.0,120.94398753292015,0.0,337.09785553292016,337.09785553292016,0,"{'load': 1, 'battery': 1}",0,216.15386800000002,0,0,0,0,0,"{'solar': 1, 'wind': 0, 'generator': 0}",285.0,771.9781,13.212,1.9
2049,-1054.428660256848,25.742404800000003,1028.686255456848,0.0,293.91035870195657,0.0,465.5263907019566,465.5263907019566,0,"{'load': 1, 'battery': 0}",0,171.61603200000002,0,0,0,0,0,"{'solar': 1, 'wind': 0, 'generator': 0}",285.0,612.9144,15.156,3.5
2050,-1062.946472460496,0.0028223999999999996,1062.9436500604959,0.0,559.4440263476295,0.0,559.4628423476295,559.4628423476295,0,"{'load': 1, 'battery': 1}",0,0.018816,0,0,0,0,0,"{'solar': 1, 'wind': 0, 'generator': 0}",285.0,0.0672,3.204,1.9
2051,-130.5963180016728,0.002788909027160494,130.59352909264564,0.0,217.6558818210761,0.0,217.6558818210761,217.6558818210761,0,"{'load': 1, 'battery': 1}",0,0.018592,1,0,0,0,0,"{'solar': 1, 'wind': 0, 'generator': 0}",285.0,0.0664,15.947999999999999,0.6
2052,-91.66033821015772,0.0023351999999999995,91.65800301015771,0.0,152.76333835026287,0.0,152.77890635026287,152.77890635026287,0,"{'load': 1, 'battery': 1}",0,0.015567999999999999,0,0,0,0,0,"{'solar': 1, 'wind': 0, 'generator': 0}",285.0,0.0556,12.816,0.6
2053,-183.49320418903824,1.7191482068703707,181.77405598216788,0.0,302.9567599702798,0.0,302.9567599702798,302.9567599702798,0,"{'load': 1, 'battery': 0}",0,11.460540000000002,1,0,0,0,0,"{'solar': 1, 'wind': 0, 'generator': 0}",285.0,40.9305,1.836,0.6
2054,-164.35095989252517,29.139705,174.0641948925252,0.0,290.106991487542,38.852940000000004,290.106991487542,290.106991487542,0,"{'load': 1, 'battery': 1}",0,194.2647,2,0,0,0,0,"{'solar': 1, 'wind': 0, 'generator': 0}",285.0,693.8025,7.704000000000001,0.6
2055,-194.6029997300879,13.066195800000001,181.5368039300879,0.0,302.56133988347983,0.0,389.66931188347985,389.66931188347985,0,"{'load': 1, 'battery': 1}",0,87.107972,0,0,0,0,0,"{'solar': 1, 'wind': 0, 'generator': 0}",285.0,311.0999,5.688000000000001,0.6
2056,-443.97334482362083,0.0,443.97334482362083,0.0,493.3037164706899,0.0,493.3037164706899,493.3037164706899,0,"{'load': 1, 'battery': 1}",0,0.0,2,0,0,0,0,"{'solar': 0, 'wind': 0, 'generator': 0}",285.0,0.0317,10.836,0.8999999999999999
2057,-118.7978894154612,0.0034398000000000002,118.7944496154612,0.0,197.990749359102,0.0,198.013681359102,198.013681359102,0,"{'load': 1, 'battery': 1}",0,0.022932,0,0,0,0,0,"{'solar': 1, 'wind': 0, 'generator': 0}",285.0,0.0819,4.032000000000001,0.6
2058,-83.10700939279018,0.0037338000000000007,83.10327559279017,0.0,138.50545932131695,0.0,138.53035132131694,138.53035132131694,0,"{'load': 1, 'battery': 1}",0,0.024892000000000004,0,0,0,0,0,"{'solar': 1, 'wind': 0, 'generator': 0}",285.0,0.0889,18.791999999999998,0.6
2059,-187.9726800382872,1.2514053213407406,186.72127471694645,0.0,311.2021245282441,0.0,311.2021245282441,311.2021245282441,0,"{'load': 1, 'battery': 1}",0,8.342376,1,0,0,0,0,"{'solar': 1, 'wind': 0, 'generator': 0}",285.0,29.7942,0.0,0.6
2060,-89.49233450963881,25.7340132,63.75832130963881,0.0,106.26386884939802,0.0,277.82395684939803,277.82395684939803,0,"{'load': 1, 'battery': 1}",0,171.560088,0,0,0,0,0,"{'solar': 1, 'wind': 0, 'generator': 0}",285.0,612.7146,7.308,0.6
2061,-119.85730250709071,16.0307994,103.8265031070907,0.0,173.04417184515117,0.0,279.91616784515116,279.91616784515116,0,"{'load': 1, 'battery': 1}",0,106.871996,0,0,0,0,0,"{'solar': 1, 'wind': 0, 'generator': 0}",285.0,381.6857,66.744,0.6
2062,-454.29856994589244,0.0,454.29856994589244,0.0,504.7761888287694,0.0,504.7761888287694,504.7761888287694,0,"{'load': 1, 'battery': 1}",0,0.0,1,0,0,0,0,"{'solar': 0, 'wind': 0, 'generator': 0}",285.0,0.0664,13.284,0.8999999999999999
2063,-154.15827383739898,0.002205,154.15606883739898,0.0,256.926781395665,0.0,256.941481395665,256.941481395665,0,"{'load': 1, 'battery': 0}",0,0.014700000000000001,0,0,0,0,0,"{'solar': 1, 'wind': 0, 'generator': 0}",285.0,0.0525,9.0,0.6
2064,-81.14618906702765,0.0025326,81.14365646702765,0.0,135.2394274450461,0.0,135.2563114450461,135.2563114450461,0,"{'load': 1, 'battery': 1}",0,0.016884,0,0,0,0,0,"{'solar': 1, 'wind': 0, 'generator': 0}",285.0,0.0603,38.7,0.6
2065,-184.82163025156493,0.0779184,184.74371185156494,0.0,307.9061864192749,0.0,308.4256424192749,308.4256424192749,0,"{'load': 1, 'battery': 1}",0,0.519456,0,0,0,0,0,"{'solar': 1, 'wind': 0, 'generator': 0}",285.0,1.8552,6.8759999999999994,0.6
2066,-151.42831046531577,0.0,151.42831046531577,0.0,252.38051744219297,0.0,252.38051744219297,252.38051744219297,0,"{'load': 1, 'battery': 1}",0,0.0,1,0,0,0,0,"{'solar': 0, 'wind': 0, 'generator': 0}",285.0,134.0023,11.520000000000001,0.6
2067,-181.6366214309101,0.0,181.6366214309101,0.0,302.7277023848502,0.0,302.7277023848502,302.7277023848502,0,"{'load': 1, 'battery': 1}",0,0.0,0,0,0,0,0,"{'solar': 0, 'wind': 0, 'generator': 0}",285.0,256.7014,15.984000000000002,0.6
2068,-473.3635769998957,0.0008778343172839507,473.3626991655784,0.0,525.9585546284205,0.0,525.9585546284205,525.9585546284205,0,"{'load': 1, 'battery': 1}",0,0.005852,1,0,0,0,0,"{'solar': 1, 'wind': 0, 'generator': 0}",285.0,0.0209,20.304,0.8999999999999999
2069,-191.087672664858,0.0024654000000000004,191.08520726485798,0.0,318.47534544142997,0.0,318.49178144142996,318.49178144142996,0,"{'load': 1, 'battery': 1}",0,0.016436000000000003,0,0,0,0,0,"{'solar': 1, 'wind': 0, 'generator': 0}",285.0,0.0587,8.604000000000001,0.6
2070,-146.14772552143322,0.0,146.14772552143322,0.0,243.57954253572203,0.0,243.57954253572203,243.57954253572203,0,"{'load': 1, 'battery': 1}",0,0.0,0,0,0,0,0,"{'solar': 0, 'wind': 0, 'generator': 0}",285.0,0.0789,14.544,0.6
2071,-287.8967408499995,0.0,287.8967408499995,0.0,479.82790141666584,0.0,479.82790141666584,479.82790141666584,0,"{'load': 1, 'battery': 1}",0,0.0,0,0,0,0,0,"{'solar': 0, 'wind': 0, 'generator': 0}",285.0,1.4013,11.088000000000001,0.6
2072,-161.86011961207734,0.0,161.86011961207734,0.0,269.76686602012893,0.0,269.76686602012893,269.76686602012893,0,"{'load': 1, 'battery': 1}",0,0.0,0,0,0,0,0,"{'solar': 0, 'wind': 0, 'generator': 0}",285.0,473.2874,15.192,0.6
2073,-134.11257096761577,16.2114036,117.90116736761577,0.0,196.50194561269296,0.0,304.577969612693,304.577969612693,0,"{'load': 1, 'battery': 1}",0,108.076024,0,0,0,0,0,"{'solar': 1, 'wind': 0, 'generator': 0}",285.0,385.9858,20.88,0.6
2074,-496.74043648328444,0.0,496.74043648328444,0.0,551.9338183147605,0.0,551.9338183147605,551.9338183147605,0,"{'load': 1, 'battery': 1}",0,0.0,1,0,0,0,0,"{'solar': 0, 'wind': 0, 'generator': 0}",285.0,0.0487,14.76,0.8999999999999999
2075,-203.02099515650644,0.0019152,203.01907995650643,0.0,338.36513326084406,0.0,338.37790126084406,338.37790126084406,0,"{'load': 1, 'battery': 1}",0,0.012768,0,0,0,0,0,"{'solar': 1, 'wind': 0, 'generator': 0}",285.0,0.0456,19.404,0.6
2076,-161.985445855235,0.000651,161.985662855235,0.0,269.976104758725,0.0008680000000000001,269.976104758725,269.976104758725,0,"{'load': 1, 'battery': 1}",0,0.00434,2,0,0,0,0,"{'solar': 1, 'wind': 0, 'generator': 0}",285.0,0.0155,27.072,0.6
2077,-312.48978698711346,0.05786566214938272,312.4319213249641,0.0,520.7198688749402,0.0,520.7198688749402,520.7198688749402,0,"{'load': 1, 'battery': 0}",0,0.38575600000000004,1,0,0,0,0,"{'solar': 1, 'wind': 0, 'generator': 0}",285.0,1.3777,13.104000000000001,0.6
2078,-152.71880551454694,9.817285799999999,142.90151971454694,0.0,238.1691995242449,0.0,303.6177715242449,303.6177715242449,0,"{'load': 1, 'battery': 1}",0,65.448572,0,0,0,0,0,"{'solar': 1, 'wind': 0, 'generator': 0}",285.0,233.7449,24.804,0.6
2079,-107.72651694449168,19.681187400000002,88.04532954449168,0.0,146.74221590748613,0.0,277.95013190748614,277.95013190748614,0,"{'load': 1, 'battery': 0}",0,131.207916,0,0,0,0,0,"{'solar': 1, 'wind': 0, 'generator': 0}",285.0,468.5997,15.947999999999999,0.6
2080,-480.0690164879822,0.0,480.0690164879822,0.0,533.4100183199803,0.0,533.4100183199803,533.4100183199803,0,"{'load': 1, 'battery': 0}",0,0.0,0,0,0,0,0,"{'solar': 0, 'wind': 0, 'generator': 0}",285.0,0.0734,53.496,0.8999999999999999
2081,-233.535152098045,0.0,233.535152098045,0.0,389.2252534967417,0.0,389.2252534967417,389.2252534967417,0,"{'load': 1, 'battery': 1}",0,0.0,1,0,0,0,0,"{'solar': 0, 'wind': 0, 'generator': 0}",285.0,0.0348,47.519999999999996,0.6
2082,-134.53329487550272,0.0018186,134.5314762755027,0.0,224.21912712583787,0.0,224.23125112583787,224.23125112583787,0,"{'load': 1, 'battery': 1}",0,0.012124000000000001,0,0,0,0,0,"{'solar': 1, 'wind': 0, 'generator': 0}",285.0,0.0433,17.352,0.6
2083,-284.26711459849287,0.14503586990493827,284.12207872858795,0.0,473.5367978809799,0.0,473.5367978809799,473.5367978809799,0,"{'load': 1, 'battery': 1}",0,0.9668680000000001,1,0,0,0,0,"{'solar': 1, 'wind': 0, 'generator': 0}",285.0,3.4531,9.9,0.6
2084,-180.51971151177904,0.0,180.51971151177904,0.0,300.8661858529651,0.0,300.8661858529651,300.8661858529651,0,"{'load': 1, 'battery': 1}",0,0.0,0,0,0,0,0,"{'solar': 0, 'wind': 0, 'generator': 0}",285.0,611.5236,40.14,0.6
2085,-86.62003298431867,24.5916342,62.02839878431866,0.0,103.38066464053111,0.0,267.3248926405311,267.3248926405311,0,"{'load': 1, 'battery': 0}",0,163.944228,0,0,0,0,0,"{'solar': 1, 'wind': 0, 'generator': 0}",285.0,585.5151,8.712,0.6
2086,-483.6261965348302,0.0021084,483.62408813483023,0.0,537.3600979275892,0.0,537.3741539275892,537.3741539275892,0,"{'load': 1, 'battery': 1}",0,0.014056,0,0,0,0,0,"{'solar': 1, 'wind': 0, 'generator': 0}",285.0,0.0502,5.9399999999999995,0.8999999999999999
2087,-186.91537925297524,0.0,186.91537925297524,0.0,311.52563208829207,0.0,311.52563208829207,311.52563208829207,0,"{'load': 1, 'battery': 1}",0,0.0,1,0,0,0,0,"{'solar': 0, 'wind': 0, 'generator': 0}",285.0,0.0425,14.004000000000001,0.6
2088,-98.23511411091116,0.00042000000000000007,98.23469411091115,0.0,163.72449018485193,0.0,163.72729018485194,163.72729018485194,0,"{'load': 1, 'battery': 1}",0,0.0028000000000000004,0,0,0,0,0,"{'solar': 1, 'wind': 0, 'generator': 0}",285.0,0.01,14.904,0.6
2089,-264.09452896723644,1.250766896382716,262.8437620708537,0.0,438.07293678475617,0.0,438.07293678475617,438.07293678475617,0,"{'load': 1, 'battery': 1}",0,8.33812,1,0,0,0,0,"{'solar': 1, 'wind': 0, 'generator': 0}",285.0,29.779,15.588000000000001,0.6
2090,-52.177598371567626,31.3767216,20.800876771567623,0.0,34.66812795261271,0.0,243.8462719526127,243.8462719526127,0,"{'load': 1, 'battery': 1}",0,209.178144,0,0,0,0,0,"{'solar': 1, 'wind': 0, 'generator': 0}",285.0,747.0648,5.760000000000001,0.6
2091,-69.56860144901539,28.019598600000005,41.54900284901539,0.0,69.24833808169231,0.0,256.04566208169234,256.04566208169234,0,"{'load': 1, 'battery': 1}",0,186.79732400000003,0,0,0,0,0,"{'solar': 1, 'wind': 0, 'generator': 0}",285.0,667.1333,22.824,0.6
2092,-412.52344689995675,0.0270144,412.53245169995677,0.0,458.3693907777298,0.0360192,458.3693907777298,458.3693907777298,0,"{'load': 1, 'battery': 1}",0,0.180096,2,0,0,0,0,"{'solar': 1, 'wind': 0, 'generator': 0}",285.0,0.6432,9.432,0.8999999999999999
2093,-181.3973569711448,0.002793,181.3945639711448,0.0,302.32427328524136,0.0,302.34289328524136,302.34289328524136,0,"{'load': 1, 'battery': 0}",0,0.01862,0,0,0,0,0,"{'solar': 1, 'wind': 0, 'generator': 0}",285.0,0.0665,14.868,0.6
2094,-94.16462593612916,0.0,94.16462593612916,0.0,156.94104322688193,0.0,156.94104322688193,156.94104322688193,0,"{'load': 1, 'battery': 1}",0,0.0,1,0,0,0,0,"{'solar': 0, 'wind': 0, 'generator': 0}",285.0,0.0,18.936,0.6
2095,-161.37776001027837,3.2436431999999997,162.45897441027836,0.0,270.76495735046393,4.3248576000000005,270.76495735046393,270.76495735046393,0,"{'load': 1, 'battery': 1}",0,21.624288,2,0,0,0,0,"{'solar': 1, 'wind': 0, 'generator': 0}",285.0,77.2296,13.895999999999999,0.6
2096,-184.24074028941598,35.14752002628395,149.09322026313203,0.0,248.4887004385534,0.0,248.4887004385534,248.4887004385534,0,"{'load': 1, 'battery': 1}",0,234.30764000000002,1,0,0,0,0,"{'solar': 1, 'wind': 0, 'generator': 0}",285.0,836.813,11.196,0.6
2097,-79.47139348321201,30.004430400000004,49.466963083212015,0.0,82.44493847202003,0.0,282.47447447202006,282.47447447202006,0,"{'load': 1, 'battery': 1}",0,200.02953600000004,0,0,0,0,0,"{'solar': 1, 'wind': 0, 'generator': 0}",285.0,714.3912,14.76,0.6
2098,-415.06053872502065,0.2708853897555556,414.7896533352651,0.0,460.87739259473904,0.0,460.87739259473904,460.87739259473904,0,"{'load': 1, 'battery': 1}",0,1.805832,1,0,0,0,0,"{'solar': 1, 'wind': 0, 'generator': 0}",285.0,6.4494,23.003999999999998,0.8999999999999999
2099,-114.28788908709355,0.0,114.28788908709355,0.0,190.47981514515592,0.0,190.47981514515592,190.47981514515592,0,"{'load': 1, 'battery': 1}",0,0.0,1,0,0,0,0,"{'solar': 1, 'wind': 0, 'generator': 0}",285.0,0.0,18.036,0.6
2100,-84.37054603733222,0.0,84.37054603733222,0.0,140.61757672888703,0.0,140.61757672888703,140.61757672888703,0,"{'load': 1, 'battery': 1}",0,0.0,2,0,0,0,0,"{'solar': 1, 'wind': 0, 'generator': 0}",285.0,0.0,4.212,0.6
2101,-140.35064389387585,9.164395800000001,131.18624809387586,0.0,218.64374682312643,0.0,279.73971882312645,279.73971882312645,0,"{'load': 1, 'battery': 1}",0,61.09597200000001,0,0,0,0,0,"{'solar': 1, 'wind': 0, 'generator': 0}",285.0,218.1999,3.6,0.6
2102,-80.80518111875466,39.843031200000006,40.96214991875465,0.0,21.559026273028763,0.0,250.91798019005785,265.62020800000005,0,"{'load': 1, 'battery': 1}",0,265.62020800000005,0,0,0,0,0,"{'solar': 1, 'wind': 0, 'generator': 0}",285.0,948.6436,9.972,1.9
2103,-596.7326815436459,31.569753599999995,565.1629279436459,0.0,161.4751222696131,0.0,371.9401462696131,371.9401462696131,0,"{'load': 1, 'battery': 1}",0,210.46502399999997,0,0,0,0,0,"{'solar': 1, 'wind': 0, 'generator': 0}",285.0,751.6608,8.64,3.5
2104,-887.9432483399329,1.3095641999999998,886.6336841399329,0.0,466.64930744207,0.0,475.37973544207,475.37973544207,0,"{'load': 1, 'battery': 1}",0,8.730428,0,0,0,0,0,"{'solar': 1, 'wind': 0, 'generator': 0}",285.0,31.1801,10.44,1.9
2105,-129.51468811581847,0.0006804,129.51400771581848,0.0,215.85667952636413,0.0,215.86121552636413,215.86121552636413,0,"{'load': 1, 'battery': 1}",0,0.004536,0,0,0,0,0,"{'solar': 1, 'wind': 0, 'generator': 0}",285.0,0.0162,19.476000000000003,0.6
2106,-87.3067864628796,0.0078246,87.3093946628796,0.0,145.515657771466,0.0104328,145.515657771466,145.515657771466,0,"{'load': 1, 'battery': 1}",0,0.052164,2,0,0,0,0,"{'solar': 1, 'wind': 0, 'generator': 0}",285.0,0.1863,18.144000000000002,0.6
2107,-163.29979904803918,1.4533870174358026,161.84641203060337,0.0,269.74402005100563,0.0,269.74402005100563,269.74402005100563,0,"{'load': 1, 'battery': 1}",0,9.688868000000001,1,0,0,0,0,"{'solar': 1, 'wind': 0, 'generator': 0}",285.0,34.6031,8.784,0.6
2108,-44.504780627084656,38.7841986,5.720582027084654,0.0,3.0108326458340287,0.0,214.58741950025797,258.561324,0,"{'load': 1, 'battery': 0}",0,258.561324,0,0,0,0,0,"{'solar': 1, 'wind': 0, 'generator': 0}",285.0,923.4333,6.12,1.9
2109,-731.8044799381339,33.5909322,698.2135477381339,0.0,199.48958506803825,0.0,423.42913306803825,423.42913306803825,0,"{'load': 1, 'battery': 0}",0,223.939548,0,0,0,0,0,"{'solar': 1, 'wind': 0, 'generator': 0}",285.0,799.7841,26.712,3.5
2110,-939.9850602781362,0.8482445999999999,939.1368156781361,0.0,494.2825345674401,0.0,499.9374985674401,499.9374985674401,0,"{'load': 1, 'battery': 1}",0,5.654964,0,0,0,0,0,"{'solar': 1, 'wind': 0, 'generator': 0}",285.0,20.1963,13.32,1.9
2111,-138.41984201309702,0.002142,138.41770001309703,0.0,230.69616668849505,0.0,230.71044668849507,230.71044668849507,0,"{'load': 1, 'battery': 1}",0,0.01428,0,0,0,0,0,"{'solar': 1, 'wind': 0, 'generator': 0}",285.0,0.051,5.58,0.6
2112,-92.96550746921515,0.0,92.96550746921515,0.0,154.94251244869193,0.0,154.94251244869193,154.94251244869193,0,"{'load': 1, 'battery': 1}",0,0.0,0,0,0,0,0,"{'solar': 1, 'wind': 0, 'generator': 0}",285.0,0.0,8.928,0.6
2113,-171.19232269896304,0.0,171.19232269896304,0.0,285.32053783160507,0.0,285.32053783160507,285.32053783160507,0,"{'load': 1, 'battery': 1}",0,0.0,0,0,0,0,0,"{'solar': 0, 'wind': 0, 'generator': 0}",285.0,208.9908,11.268,0.6
2114,-619.9428622048506,38.333631000000004,632.7207392048506,0.0,333.01091537097403,51.11150800000001,333.01091537097403,333.01091537097403,0,"{'load': 1, 'battery': 1}",0,255.55754000000002,2,0,0,0,0,"{'solar': 1, 'wind': 0, 'generator': 0}",285.0,912.7055,6.156,1.9
2115,-966.9298298383402,32.4540552,934.4757746383402,0.0,266.9930784680972,0.0,483.3534464680972,483.3534464680972,0,"{'load': 1, 'battery': 1}",0,216.36036800000002,0,0,0,0,0,"{'solar': 1, 'wind': 0, 'generator': 0}",285.0,772.7156,2.4120000000000004,3.5
2116,-1037.962769679474,2.2538879115148154,1035.7088817679592,0.0,545.1099377726101,0.0,545.1099377726101,545.1099377726101,0,"{'load': 1, 'battery': 1}",0,15.025332000000002,1,0,0,0,0,"{'solar': 1, 'wind': 0, 'generator': 0}",285.0,53.6619,2.8080000000000003,1.9
2117,-161.97273377078452,0.0008106316901234569,161.9719231390944,0.0,269.95320523182403,0.0,269.95320523182403,269.95320523182403,0,"{'load': 1, 'battery': 1}",0,0.005404000000000001,1,0,0,0,0,"{'solar': 1, 'wind': 0, 'generator': 0}",285.0,0.0193,14.508000000000001,0.6
2118,-107.91794635213195,0.0016884,107.91625795213194,0.0,179.8604299202199,0.0,179.8716859202199,179.8716859202199,0,"{'load': 1, 'battery': 1}",0,0.011256,0,0,0,0,0,"{'solar': 1, 'wind': 0, 'generator': 0}",285.0,0.0402,4.752000000000001,0.6
2119,-184.23178019826173,4.264829925516049,179.9669502727457,0.0,299.94491712124284,0.0,299.94491712124284,299.94491712124284,0,"{'load': 1, 'battery': 1}",0,28.431088000000003,1,0,0,0,0,"{'solar': 1, 'wind': 0, 'generator': 0}",285.0,101.5396,1.512,0.6
2120,-451.3826985499683,23.7871872,427.5955113499683,0.0,225.0502691315623,0.0,383.6315171315623,383.6315171315623,0,"{'load': 1, 'battery': 1}",0,158.58124800000002,0,0,0,0,0,"{'solar': 1, 'wind': 0, 'generator': 0}",285.0,566.3616,9.828,1.9
2121,-1175.405860059,32.6828124,842.7230476589998,0.0,240.7780136168571,0.0,538.8743940902879,217.88541600000002,0,"{'load': 0, 'battery': 1}",0,217.88541600000002,0,0,0,0,0,"{'solar': 1, 'wind': 0, 'generator': 0}",285.0,778.1622,13.572000000000001,3.5
2122,-1069.8811510626308,2.3880234,1067.4931276626307,0.0,561.8384882434899,0.0,577.7586442434899,577.7586442434899,0,"{'load': 1, 'battery': 1}",0,15.920156,0,0,0,0,0,"{'solar': 1, 'wind': 0, 'generator': 0}",285.0,56.8577,20.232,1.9
2123,-167.9681896370459,0.0010038,167.9671858370459,0.0,279.9453097284098,0.0,279.9520017284098,279.9520017284098,0,"{'load': 1, 'battery': 1}",0,0.006692,0,0,0,0,0,"{'solar': 1, 'wind': 0, 'generator': 0}",285.0,0.0239,4.788,0.6
2124,-106.7018184366822,0.0040236,106.6977948366822,0.0,177.82965806113702,0.0,177.85648206113703,177.85648206113703,0,"{'load': 1, 'battery': 1}",0,0.026824,0,0,0,0,0,"{'solar': 1, 'wind': 0, 'generator': 0}",285.0,0.0958,6.5520000000000005,0.6
2125,-185.81897592106338,2.4863838005049383,183.33259212055845,0.0,305.55432020093076,0.0,305.55432020093076,305.55432020093076,0,"{'load': 1, 'battery': 1}",0,16.575244,1,0,0,0,0,"{'solar': 1, 'wind': 0, 'generator': 0}",285.0,59.1973,0.36000000000000004,0.6
2126,-307.9836941592156,35.564046000000005,272.41964815921557,0.0,143.37876218906084,0.0,380.47240218906086,380.47240218906086,0,"{'load': 1, 'battery': 1}",0,237.09364000000002,0,0,0,0,0,"{'solar': 1, 'wind': 0, 'generator': 0}",285.0,846.763,11.484,1.9
2127,-890.3088691088932,30.9341424,859.3747267088931,0.0,245.5356362025409,0.0,451.7632522025409,451.7632522025409,0,"{'load': 1, 'battery': 0}",0,206.227616,0,0,0,0,0,"{'solar': 1, 'wind': 0, 'generator': 0}",285.0,736.5272,21.240000000000002,3.5
2128,-1135.2870914977204,0.6268997074666668,1134.6601917902537,0.0,597.1895746264494,0.0,597.1895746264494,597.1895746264494,0,"{'load': 1, 'battery': 1}",0,4.179168000000001,1,0,0,0,0,"{'solar': 1, 'wind': 0, 'generator': 0}",285.0,14.9256,5.148,1.9
2129,-158.4832467567992,0.0012012469604938273,158.48204550983868,0.0,264.1367425163978,0.0,264.1367425163978,264.1367425163978,0,"{'load': 1, 'battery': 1}",0,0.008008000000000001,1,0,0,0,0,"{'solar': 1, 'wind': 0, 'generator': 0}",285.0,0.0286,6.444,0.6
2130,-104.34430226729955,0.0017514000000000004,104.34255086729955,0.0,173.90425144549926,0.0,173.91592744549925,173.91592744549925,0,"{'load': 1, 'battery': 1}",0,0.011676000000000002,0,0,0,0,0,"{'solar': 1, 'wind': 0, 'generator': 0}",285.0,0.0417,6.84,0.6
2131,-184.79981675680645,0.0,184.79981675680645,0.0,307.9996945946774,0.0,307.9996945946774,307.9996945946774,0,"{'load': 1, 'battery': 1}",0,0.0,0,0,0,0,0,"{'solar': 0, 'wind': 0, 'generator': 0}",285.0,30.5633,6.8759999999999994,0.6
2132,-484.91931935310333,18.5600394,466.35927995310334,0.0,245.4522526068965,0.0,369.1858486068965,369.1858486068965,0,"{'load': 1, 'battery': 0}",0,123.733596,0,0,0,0,0,"{'solar': 1, 'wind': 0, 'generator': 0}",285.0,441.9057,5.184,1.9
2133,-1064.9928143011323,27.087849600000002,1037.9049647011323,0.0,296.5442756288949,0.0,477.12993962889493,477.12993962889493,0,"{'load': 1, 'battery': 1}",0,180.585664,0,0,0,0,0,"{'solar': 1, 'wind': 0, 'generator': 0}",285.0,644.9488,10.404,3.5
2134,-1105.0130562417808,0.019870976818518522,1104.9931852649622,0.0,581.5753606657696,0.0,581.5753606657696,581.5753606657696,0,"{'load': 1, 'battery': 1}",0,0.13246800000000003,1,0,0,0,0,"{'solar': 1, 'wind': 0, 'generator': 0}",285.0,0.4731,9.288,1.9
2135,-146.96496326005672,0.0016212000000000002,146.96334206005673,0.0,244.9389034334279,0.0,244.9497114334279,244.9497114334279,0,"{'load': 1, 'battery': 1}",0,0.010808000000000002,0,0,0,0,0,"{'solar': 1, 'wind': 0, 'generator': 0}",285.0,0.0386,12.78,0.6
2136,-91.1349309804798,0.0025956,91.13233538047979,0.0,151.887225634133,0.0,151.90452963413298,151.90452963413298,0,"{'load': 1, 'battery': 1}",0,0.017304,0,0,0,0,0,"{'solar': 1, 'wind': 0, 'generator': 0}",285.0,0.0618,13.428,0.6
2137,-157.4684201871787,3.5403942,153.9280259871787,0.0,256.54670997863116,0.0,280.14933797863114,280.14933797863114,0,"{'load': 1, 'battery': 1}",0,23.602628000000003,0,0,0,0,0,"{'solar': 1, 'wind': 0, 'generator': 0}",285.0,84.2951,12.78,0.6
2138,-89.58379735159319,32.75298180000001,56.83081555159318,0.0,94.71802591932197,0.0,313.071237919322,313.071237919322,0,"{'load': 1, 'battery': 1}",0,218.35321200000004,0,0,0,0,0,"{'solar': 1, 'wind': 0, 'generator': 0}",285.0,779.8329,7.416,0.6
2139,-176.8381617392387,22.6280124,154.2101493392387,0.0,257.0169155653979,0.0,407.87033156539786,407.8703315653979,0,"{'load': 1, 'battery': 1}",0,150.853416,0,0,0,0,0,"{'solar': 1, 'wind': 0, 'generator': 0}",285.0,538.7622,25.2,0.6
2140,-493.52806671829876,0.0009072354666666668,493.5271594828321,0.0,548.3635105364801,0.0,548.3635105364801,548.3635105364801,0,"{'load': 1, 'battery': 1}",0,0.006048000000000001,1,0,0,0,0,"{'solar': 1, 'wind': 0, 'generator': 0}",285.0,0.0216,24.840000000000003,0.8999999999999999
2141,-122.726365224399,0.002692200000000001,122.723673024399,0.0,204.53945504066502,0.0,204.557403040665,204.557403040665,0,"{'load': 1, 'battery': 1}",0,0.017948000000000006,0,0,0,0,0,"{'solar': 1, 'wind': 0, 'generator': 0}",285.0,0.0641,11.16,0.6
2142,-84.14039623714612,0.0,84.14039623714612,0.0,140.23399372857688,0.0,140.23399372857688,140.23399372857688,0,"{'load': 1, 'battery': 1}",0,0.0,0,0,0,0,0,"{'solar': 0, 'wind': 0, 'generator': 0}",285.0,0.0664,1.836,0.6
2143,-185.35971285596645,1.9074793693234566,183.452233486643,0.0,305.75372247773834,0.0,305.75372247773834,305.75372247773834,0,"{'load': 1, 'battery': 1}",0,12.716032,1,0,0,0,0,"{'solar': 1, 'wind': 0, 'generator': 0}",285.0,45.4144,24.084000000000003,0.6
2144,-222.20005106302185,26.031003533333333,230.87494112968852,270.0,114.7915685494809,34.7058936,262.254500765487,270.0,1,"{'load': 1, 'battery': 1}",1,173.529468,2,0,0,0,0,"{'solar': 1, 'wind': 0, 'generator': 0}",285.0,619.7481,13.968,0.6
2145,-183.4724878510007,0.0,183.4724878510007,0.0,305.78747975166783,0.0,305.78747975166783,305.78747975166783,0,"{'load': 1, 'battery': 1}",0,0.0,0,0,0,0,0,"{'solar': 0, 'wind': 0, 'generator': 0}",285.0,430.5179,21.744,0.6
2146,-454.76219987754314,0.0,454.76219987754314,0.0,505.2913331972702,0.0,505.2913331972702,505.2913331972702,0,"{'load': 1, 'battery': 1}",0,0.0,0,0,0,0,0,"{'solar': 0, 'wind': 0, 'generator': 0}",285.0,0.01,17.208000000000002,0.8999999999999999
2147,-159.56347052904422,9.66e-05,159.56337392904422,0.0,265.938956548407,0.0,265.93960054840704,265.93960054840704,0,"{'load': 1, 'battery': 1}",0,0.000644,0,0,0,0,0,"{'solar': 1, 'wind': 0, 'generator': 0}",285.0,0.0023,19.224,0.6
2148,-81.07847505073376,0.0036372,81.07483785073376,0.0,135.12472975122293,0.0,135.14897775122293,135.14897775122293,0,"{'load': 1, 'battery': 1}",0,0.024248000000000002,0,0,0,0,0,"{'solar': 1, 'wind': 0, 'generator': 0}",285.0,0.0866,11.988000000000001,0.6
2149,-177.01102112824552,0.0,177.01102112824552,0.0,295.01836854707585,0.0,295.01836854707585,295.01836854707585,0,"{'load': 1, 'battery': 1}",0,0.0,1,0,0,0,0,"{'solar': 0, 'wind': 0, 'generator': 0}",285.0,3.9676,18.720000000000002,0.6
2150,-97.24921723590239,21.3432702,75.90594703590239,0.0,126.50991172650399,0.0,268.798379726504,268.798379726504,0,"{'load': 1, 'battery': 0}",0,142.288468,0,0,0,0,0,"{'solar': 1, 'wind': 0, 'generator': 0}",285.0,508.1731,46.62,0.6
2151,-108.97756670749601,16.233604800000002,92.74396190749601,0.0,154.5732698458267,0.0,262.7973018458267,262.7973018458267,0,"{'load': 1, 'battery': 1}",0,108.22403200000001,0,0,0,0,0,"{'solar': 1, 'wind': 0, 'generator': 0}",285.0,386.5144,39.06,0.6
2152,-439.5802739436632,0.0,439.5802739436632,0.0,488.4225266040703,0.0,488.4225266040703,488.4225266040703,0,"{'load': 1, 'battery': 1}",0,0.0,0,0,0,0,0,"{'solar': 0, 'wind': 0, 'generator': 0}",285.0,0.024,21.168,0.8999999999999999
2153,-176.09409392298045,0.0,176.09409392298045,0.0,293.49015653830077,0.0,293.49015653830077,293.49015653830077,0,"{'load': 1, 'battery': 1}",0,0.0,1,0,0,0,0,"{'solar': 0, 'wind': 0, 'generator': 0}",285.0,0.0587,7.884,0.6
2154,-124.37614227833524,0.0026292000000000004,124.37351307833524,0.0,207.28918846389206,0.0,207.30671646389206,207.30671646389206,0,"{'load': 1, 'battery': 1}",0,0.017528000000000002,0,0,0,0,0,"{'solar': 1, 'wind': 0, 'generator': 0}",285.0,0.0626,15.515999999999998,0.6
2155,-269.2561619894339,0.0,269.2561619894339,0.0,448.7602699823899,0.0,448.7602699823899,448.7602699823899,0,"{'load': 1, 'battery': 1}",0,0.0,1,0,0,0,0,"{'solar': 0, 'wind': 0, 'generator': 0}",285.0,2.0974,23.364,0.6
2156,-191.9340316304703,8.816568867201235,183.11746276326906,0.0,305.1957712721151,0.0,305.1957712721151,305.1957712721151,0,"{'load': 1, 'battery': 1}",0,58.77482800000001,1,0,0,0,0,"{'solar': 1, 'wind': 0, 'generator': 0}",285.0,209.9101,7.956,0.6
2157,-186.99280905360177,13.60273157324321,173.39007748035857,0.0,288.9834624672643,0.0,288.9834624672643,288.9834624672643,0,"{'load': 1, 'battery': 1}",0,90.681332,1,0,0,0,0,"{'solar': 1, 'wind': 0, 'generator': 0}",285.0,323.8619,9.576,0.6
2158,-422.9362929536242,0.0011046431839506173,422.93518831044025,0.0,469.92798701160035,0.0,469.92798701160035,469.92798701160035,0,"{'load': 1, 'battery': 1}",0,0.007364000000000001,1,0,0,0,0,"{'solar': 1, 'wind': 0, 'generator': 0}",285.0,0.0263,4.86,0.8999999999999999
2159,-300.0042,0.0042,0.0,0.0,0.0,0.0,34.0,0.0,0,"{'load': 0, 'battery': 0}",0,0.028,0,0,0,0,0,"{'solar': 0, 'wind': 0, 'generator': 0}",15.0,0.1,40.0,0.6
2160,-173.53984450205047,0.0029863167444444446,173.53685818530602,0.0,289.22809697551,0.0,289.22809697551,289.22809697551,0,"{'load': 1, 'battery': 1}",0,0.019908000000000002,1,0,0,0,0,"{'solar': 1, 'wind': 0, 'generator': 0}",285.0,0.0711,3.3120000000000003,0.6
2161,-308.416700395532,0.029757,308.426619395532,0.0,514.04436565922,0.039676,514.04436565922,514.04436565922,0,"{'load': 1, 'battery': 1}",0,0.19838,2,0,0,0,0,"{'solar': 1, 'wind': 0, 'generator': 0}",285.0,0.7085,4.212,0.6
2162,-209.433760380146,17.9865084,215.429263180146,0.0,359.04877196691,23.982011200000002,359.04877196691,359.04877196691,0,"{'load': 1, 'battery': 1}",0,119.91005600000001,2,0,0,0,0,"{'solar': 1, 'wind': 0, 'generator': 0}",285.0,428.2502,13.392000000000001,0.6
2163,-200.60379155159765,15.46349251619753,185.14029903540012,0.0,308.5671650590002,0.0,308.5671650590002,308.5671650590002,0,"{'load': 1, 'battery': 1}",0,103.08592,1,0,0,0,0,"{'solar': 1, 'wind': 0, 'generator': 0}",285.0,368.164,15.408000000000001,0.6
2164,-489.53649646358383,0.0007769999999999999,489.5357194635838,0.0,543.9285771817598,0.0,543.9337571817598,543.9337571817598,0,"{'load': 1, 'battery': 1}",0,0.00518,0,0,0,0,0,"{'solar': 1, 'wind': 0, 'generator': 0}",285.0,0.0185,25.776,0.8999999999999999
2165,-179.72260665254896,0.0016884660074074074,179.72091818654155,0.0,299.53486364423594,0.0,299.53486364423594,299.53486364423594,0,"{'load': 1, 'battery': 1}",0,0.011256,1,0,0,0,0,"{'solar': 1, 'wind': 0, 'generator': 0}",285.0,0.0402,22.968,0.6
2166,-146.98088555085863,0.0032466,146.98196775085862,0.0,244.96994625143103,0.0043288,244.96994625143103,244.96994625143103,0,"{'load': 1, 'battery': 1}",0,0.021644,2,0,0,0,0,"{'solar': 1, 'wind': 0, 'generator': 0}",285.0,0.0773,24.48,0.6
2167,-317.1798495457697,0.0,317.1798495457697,0.0,528.6330825762828,0.0,528.6330825762828,528.6330825762828,0,"{'load': 1, 'battery': 1}",0,0.0,0,0,0,0,0,"{'solar': 0, 'wind': 0, 'generator': 0}",285.0,1.3985,27.684,0.6
2168,-111.19434427676181,25.645888799999998,85.54845547676182,0.0,142.58075912793637,0.0,313.55335112793637,313.55335112793637,0,"{'load': 1, 'battery': 1}",0,170.972592,0,0,0,0,0,"{'solar': 1, 'wind': 0, 'generator': 0}",285.0,610.6164,6.6240000000000006,0.6
2169,-113.85746658017939,22.0807608,91.7767057801794,0.0,152.961176300299,0.0,300.166248300299,300.166248300299,0,"{'load': 1, 'battery': 1}",0,147.205072,0,0,0,0,0,"{'solar': 1, 'wind': 0, 'generator': 0}",285.0,525.7324,13.068,0.6
2170,-457.62673602927634,0.0,457.62673602927634,0.0,508.4741511436404,0.0,508.4741511436404,508.4741511436404,0,"{'load': 1, 'battery': 1}",0,0.0,2,0,0,0,0,"{'solar': 0, 'wind': 0, 'generator': 0}",285.0,0.0054,3.528,0.8999999999999999
2171,-172.53972050239366,0.0015833333333333333,172.53813716906032,270.0,17.563561948433858,0.0,287.56356194843386,287.56356194843386,1,"{'load': 1, 'battery': 1}",1,0.0,1,0,0,0,0,"{'solar': 0, 'wind': 0, 'generator': 0}",285.0,0.0858,13.212,0.6
2172,-108.9421717626697,0.0,108.9421717626697,0.0,181.57028627111617,0.0,181.57028627111617,181.57028627111617,0,"{'load': 1, 'battery': 1}",0,0.0,0,0,0,0,0,"{'solar': 0, 'wind': 0, 'generator': 0}",285.0,0.0842,7.524,0.6
2173,-230.7829153213746,0.0,230.7829153213746,0.0,384.638192202291,0.0,384.638192202291,384.638192202291,0,"{'load': 1, 'battery': 1}",0,0.0,0,0,0,0,0,"{'solar': 0, 'wind': 0, 'generator': 0}",285.0,5.1691,3.204,0.6
2174,-168.86116581160198,0.0,168.86116581160198,0.0,281.43527635267,0.0,281.43527635267,281.43527635267,0,"{'load': 1, 'battery': 0}",0,0.0,0,0,0,0,0,"{'solar': 0, 'wind': 0, 'generator': 0}",285.0,521.9347,1.0080000000000002,0.6
2175,-163.1797821380213,0.0,163.1797821380213,0.0,271.96630356336885,0.0,271.96630356336885,271.96630356336885,0,"{'load': 1, 'battery': 1}",0,0.0,0,0,0,0,0,"{'solar': 0, 'wind': 0, 'generator': 0}",285.0,551.771,9.612,0.6
2176,-427.7973617115303,0.0,427.7973617115303,0.0,475.3304019017004,0.0,475.3304019017004,475.3304019017004,0,"{'load': 1, 'battery': 1}",0,0.0,0,0,0,0,0,"{'solar': 0, 'wind': 0, 'generator': 0}",285.0,0.6811,19.944,0.8999999999999999
2177,-162.61512112917103,0.0,162.61512112917103,0.0,271.0252018819517,0.0,271.0252018819517,271.0252018819517,0,"{'load': 1, 'battery': 1}",0,0.0,2,0,0,0,0,"{'solar': 1, 'wind': 0, 'generator': 0}",285.0,0.0,4.392,0.6
2178,-128.53751428658808,0.0,128.53751428658808,0.0,214.22919047764682,0.0,214.22919047764682,214.22919047764682,0,"{'load': 1, 'battery': 1}",0,0.0,1,0,0,0,0,"{'solar': 0, 'wind': 0, 'generator': 0}",285.0,0.0657,7.524,0.6
2179,-194.97439486485231,0.0,194.97439486485231,0.0,324.9573247747539,0.0,324.9573247747539,324.9573247747539,0,"{'load': 1, 'battery': 1}",0,0.0,0,0,0,0,0,"{'solar': 0, 'wind': 0, 'generator': 0}",285.0,13.514,19.008000000000003,0.6
2180,-52.02140978405812,33.456129,18.56528078405812,0.0,30.942134640096867,0.0,253.98299464009685,253.98299464009685,0,"{'load': 1, 'battery': 1}",0,223.04085999999998,0,0,0,0,0,"{'solar': 1, 'wind': 0, 'generator': 0}",285.0,796.5745,18.072,0.6
2181,-197.4785288565877,30.242715282154325,167.23581357443337,0.0,278.72635595738893,0.0,278.72635595738893,278.72635595738893,0,"{'load': 1, 'battery': 1}",0,201.61022000000003,1,0,0,0,0,"{'solar': 1, 'wind': 0, 'generator': 0}",285.0,720.0365,5.436,0.6
2182,-390.8693540644107,0.0,390.8693540644107,0.0,434.2992822937897,0.0,434.2992822937897,434.2992822937897,0,"{'load': 1, 'battery': 1}",0,0.0,0,0,0,0,0,"{'solar': 0, 'wind': 0, 'generator': 0}",285.0,3.5676,22.896,0.8999999999999999
2183,-110.90586715639307,0.0,110.90586715639307,0.0,184.8431119273218,0.0,184.8431119273218,184.8431119273218,0,"{'load': 1, 'battery': 1}",0,0.0,0,0,0,0,0,"{'solar': 0, 'wind': 0, 'generator': 0}",285.0,0.0,18.18,0.6
2184,-84.30893780590313,0.0024024000000000003,84.30653540590313,0.0,140.5108923431719,0.0,140.5269083431719,140.5269083431719,0,"{'load': 1, 'battery': 1}",0,0.016016000000000002,0,0,0,0,0,"{'solar': 1, 'wind': 0, 'generator': 0}",285.0,0.0572,22.788,0.6
2185,-161.44840092763795,0.0,161.44840092763795,0.0,269.0806682127299,0.0,269.0806682127299,269.0806682127299,0,"{'load': 1, 'battery': 1}",0,0.0,1,0,0,0,0,"{'solar': 0, 'wind': 0, 'generator': 0}",285.0,161.3,23.759999999999998,0.6
2186,-53.687687650534315,32.5714494,21.116238250534312,0.0,35.19373041755719,0.0,252.3367264175572,252.3367264175572,0,"{'load': 1, 'battery': 1}",0,217.142996,0,0,0,0,0,"{'solar': 1, 'wind': 0, 'generator': 0}",285.0,775.5107,16.308,0.6
2187,-105.40843825295637,30.5795406,74.82889765295637,0.0,124.71482942159395,0.0,328.57843342159396,328.57843342159396,0,"{'load': 1, 'battery': 1}",0,203.863604,0,0,0,0,0,"{'solar': 1, 'wind': 0, 'generator': 0}",285.0,728.0843,9.0,0.6
2188,-808.434006857314,0.7067297999999999,807.727277057314,0.0,425.1196195038495,0.0,429.83115150384947,429.83115150384947,0,"{'load': 1, 'battery': 1}",0,4.711531999999999,0,0,0,0,0,"{'solar': 1, 'wind': 0, 'generator': 0}",285.0,16.8269,6.3,1.9
2189,-120.95978042351109,0.0,120.95978042351109,0.0,201.59963403918516,0.0,201.59963403918516,201.59963403918516,0,"{'load': 1, 'battery': 1}",0,0.0,1,0,0,0,0,"{'solar': 0, 'wind': 0, 'generator': 0}",285.0,0.0,1.8,0.6
2190,-87.33630074267158,0.007627200000000001,87.32867354267158,0.0,145.54778923778596,0.0,145.59863723778597,145.59863723778597,0,"{'load': 1, 'battery': 1}",0,0.050848000000000004,0,0,0,0,0,"{'solar': 1, 'wind': 0, 'generator': 0}",285.0,0.1816,2.2680000000000002,0.6
2191,-165.8991017364398,0.0,165.8991017364398,0.0,276.49850289406635,0.0,276.49850289406635,276.49850289406635,0,"{'load': 1, 'battery': 1}",0,0.0,0,0,0,0,0,"{'solar': 0, 'wind': 0, 'generator': 0}",285.0,277.1555,0.0,0.6
2192,-77.6547571928148,38.7996462,38.85511099281481,0.0,20.450058417270952,0.0,279.11436641727096,279.11436641727096,0,"{'load': 1, 'battery': 1}",0,258.664308,0,0,0,0,0,"{'solar': 1, 'wind': 0, 'generator': 0}",285.0,923.8011,26.28,1.9
2193,-682.1512477778508,31.1157966,651.0354511778509,0.0,186.01012890795738,0.0,393.4487729079574,393.4487729079574,0,"{'load': 1, 'battery': 1}",0,207.438644,0,0,0,0,0,"{'solar': 1, 'wind': 0, 'generator': 0}",285.0,740.8523,27.612000000000002,3.5
2194,-801.268639392978,0.0,801.268639392978,0.0,421.72033652262,0.0,421.72033652262,421.72033652262,0,"{'load': 1, 'battery': 1}",0,0.0,1,0,0,0,0,"{'solar': 0, 'wind': 0, 'generator': 0}",285.0,25.2297,6.912,1.9
2195,-140.61455742412195,0.0,140.61455742412195,0.0,234.35759570686994,0.0,234.35759570686994,234.35759570686994,0,"{'load': 1, 'battery': 1}",0,0.0,0,0,0,0,0,"{'solar': 1, 'wind': 0, 'generator': 0}",285.0,0.0,10.368,0.6
2196,-92.24466499144502,0.0,92.24466499144502,0.0,153.74110831907504,0.0,153.74110831907504,153.74110831907504,0,"{'load': 1, 'battery': 1}",0,0.0,0,0,0,0,0,"{'solar': 0, 'wind': 0, 'generator': 0}",285.0,0.0,5.184,0.6
2197,-153.96563910253195,2.1948024000000004,151.77083670253194,0.0,252.9513945042199,0.0,267.5834105042199,267.5834105042199,0,"{'load': 1, 'battery': 1}",0,14.632016000000002,0,0,0,0,0,"{'solar': 1, 'wind': 0, 'generator': 0}",285.0,52.2572,7.776000000000001,0.6
2198,-147.96719763609983,39.634723799999996,108.33247383609984,0.0,57.01709149268413,0.0,321.24858349268413,321.24858349268413,0,"{'load': 1, 'battery': 1}",0,264.231492,0,0,0,0,0,"{'solar': 1, 'wind': 0, 'generator': 0}",285.0,943.6839,26.64,1.9
2199,-910.8940028160188,32.914677600000005,877.9793252160188,0.0,250.85123577600535,0.0,470.2824197760054,470.2824197760054,0,"{'load': 1, 'battery': 1}",0,219.43118400000003,0,0,0,0,0,"{'solar': 1, 'wind': 0, 'generator': 0}",285.0,783.6828,8.352,3.5
2200,-973.7963009965587,1.6981817999999997,972.0981191965586,0.0,511.63058905082033,0.0,522.9518010508203,522.9518010508203,0,"{'load': 1, 'battery': 1}",0,11.321212,0,0,0,0,0,"{'solar': 1, 'wind': 0, 'generator': 0}",285.0,40.4329,7.668,1.9
2201,-152.0075499761263,0.005451813128395062,152.00209816299792,0.0,253.33683027166322,0.0,253.33683027166322,253.33683027166322,0,"{'load': 1, 'battery': 1}",0,0.036344,1,0,0,0,0,"{'solar': 1, 'wind': 0, 'generator': 0}",285.0,0.1298,7.596,0.6
2202,-98.86505790283486,0.0035994000000000004,98.86145850283486,0.0,164.76909750472478,0.0,164.7930935047248,164.7930935047248,0,"{'load': 1, 'battery': 1}",0,0.023996000000000003,0,0,0,0,0,"{'solar': 1, 'wind': 0, 'generator': 0}",285.0,0.0857,0.36000000000000004,0.6
2203,-166.27674358659348,2.8816284000000003,163.39511518659347,0.0,272.3251919776558,0.0,291.53604797765576,291.53604797765576,0,"{'load': 1, 'battery': 1}",0,19.210856000000003,0,0,0,0,0,"{'solar': 1, 'wind': 0, 'generator': 0}",285.0,68.6102,1.296,0.6
2204,-268.20609221284667,38.456119799999996,229.7499724128467,0.0,120.92103811202458,0.0,377.29517011202455,377.29517011202455,0,"{'load': 1, 'battery': 1}",0,256.374132,0,0,0,0,0,"{'solar': 1, 'wind': 0, 'generator': 0}",285.0,915.6219,10.476,1.9
2205,-1125.171829309462,33.922076999999994,1091.249752309462,0.0,311.7856435169892,0.0,537.9328235169892,537.9328235169892,0,"{'load': 1, 'battery': 1}",0,226.14718,0,0,0,0,0,"{'solar': 1, 'wind': 0, 'generator': 0}",285.0,807.6685,5.688000000000001,3.5
2206,-1098.9752686571258,3.013773,1095.9614956571259,0.0,576.82183981954,0.0,596.9136598195399,596.9136598195399,0,"{'load': 1, 'battery': 1}",0,20.091820000000002,0,0,0,0,0,"{'solar': 1, 'wind': 0, 'generator': 0}",285.0,71.7565,12.564000000000002,1.9
2207,-170.2173809392559,0.0,170.2173809392559,0.0,283.6956348987598,0.0,283.6956348987598,283.6956348987598,0,"{'load': 1, 'battery': 1}",0,0.0,1,0,0,0,0,"{'solar': 0, 'wind': 0, 'generator': 0}",285.0,0.0208,19.872,0.6
2208,-106.36216555030202,0.0025619999999999996,106.35960355030203,0.0,177.26600591717005,0.0,177.28308591717004,177.28308591717004,0,"{'load': 1, 'battery': 1}",0,0.017079999999999998,0,0,0,0,0,"{'solar': 1, 'wind': 0, 'generator': 0}",285.0,0.061,25.128000000000004,0.6
2209,-167.37555259628232,2.5017384000000003,164.87381419628232,0.0,274.78969032713724,0.0,291.4679463271372,291.4679463271372,0,"{'load': 1, 'battery': 1}",0,16.678256,0,0,0,0,0,"{'solar': 1, 'wind': 0, 'generator': 0}",285.0,59.5652,1.296,0.6
2210,-502.90720008278646,18.5380188,484.3691812827865,0.0,254.93114804357185,0.0,378.51794004357185,378.51794004357185,0,"{'load': 1, 'battery': 1}",0,123.586792,0,0,0,0,0,"{'solar': 1, 'wind': 0, 'generator': 0}",285.0,441.3814,4.86,1.9
2211,-1975.7694486113005,31.531569267480243,1944.2378793438202,0.0,555.4965369553772,0.0,555.4965369553772,555.4965369553772,0,"{'load': 1, 'battery': 1}",0,210.202244,1,0,0,0,0,"{'solar': 1, 'wind': 0, 'generator': 0}",285.0,750.7223,20.16,3.5
2212,-1121.5379510116913,0.9648659999999999,1120.5730850116913,0.0,589.7753079008902,0.0,596.2077479008902,596.2077479008902,0,"{'load': 1, 'battery': 1}",0,6.43244,0,0,0,0,0,"{'solar': 1, 'wind': 0, 'generator': 0}",285.0,22.973,2.4120000000000004,1.9
2213,-147.2618640026239,0.0022722000000000003,147.2595918026239,0.0,245.43265300437318,0.0,245.4478010043732,245.4478010043732,0,"{'load': 1, 'battery': 1}",0,0.015148000000000003,0,0,0,0,0,"{'solar': 1, 'wind': 0, 'generator': 0}",285.0,0.0541,29.340000000000003,0.6
2214,-97.33349920527235,0.0016547999999999999,97.33184440527235,0.0,162.21974067545392,0.0,162.23077267545392,162.23077267545392,0,"{'load': 1, 'battery': 1}",0,0.011032,0,0,0,0,0,"{'solar': 1, 'wind': 0, 'generator': 0}",285.0,0.0394,6.8759999999999994,0.6
2215,-179.77953110864362,2.8264920963999995,176.95303901224364,0.0,294.92173168707274,0.0,294.92173168707274,294.92173168707274,0,"{'load': 1, 'battery': 1}",0,18.842543999999997,1,0,0,0,0,"{'solar': 1, 'wind': 0, 'generator': 0}",285.0,67.2948,10.08,0.6
2216,-350.4908384532192,35.4805584,315.0102800532192,0.0,165.79488423853644,0.0,402.33194023853645,402.33194023853645,0,"{'load': 1, 'battery': 1}",0,236.537056,0,0,0,0,0,"{'solar': 1, 'wind': 0, 'generator': 0}",285.0,844.7752,24.984,1.9
2217,-1191.5695742407402,28.3002048,1163.26936944074,0.0,332.3626769830686,0.0,521.0307089830686,521.0307089830686,0,"{'load': 1, 'battery': 1}",0,188.668032,0,0,0,0,0,"{'solar': 1, 'wind': 0, 'generator': 0}",285.0,673.8144,5.472,3.5
2218,-1217.2351297493656,0.0,1217.2351297493656,0.0,640.6500682891398,0.0,640.6500682891398,640.6500682891398,0,"{'load': 1, 'battery': 1}",0,0.0,0,0,0,0,0,"{'solar': 0, 'wind': 0, 'generator': 0}",285.0,1.9964,4.572,1.9
2219,-150.60621690515757,0.0,150.60621690515757,0.0,251.01036150859593,0.0,251.01036150859593,251.01036150859593,0,"{'load': 1, 'battery': 1}",0,0.0,0,0,0,0,0,"{'solar': 0, 'wind': 0, 'generator': 0}",285.0,0.0371,4.824000000000001,0.6
2220,-98.36249570461985,0.0,98.36249570461985,0.0,163.93749284103308,0.0,163.93749284103308,163.93749284103308,0,"{'load': 1, 'battery': 0}",0,0.0,2,0,0,0,0,"{'solar': 0, 'wind': 0, 'generator': 0}",285.0,0.0293,15.3,0.6
2221,-183.50558840373134,2.1908838,184.23588300373135,0.0,307.05980500621894,2.9211784,307.05980500621894,307.05980500621894,0,"{'load': 1, 'battery': 1}",0,14.605891999999999,2,0,0,0,0,"{'solar': 1, 'wind': 0, 'generator': 0}",285.0,52.1639,1.836,0.6
2222,-247.07030674209201,33.1335354,213.93677134209202,0.0,112.59830070636423,0.0,333.48853670636424,333.48853670636424,0,"{'load': 1, 'battery': 1}",0,220.89023600000002,0,0,0,0,0,"{'solar': 1, 'wind': 0, 'generator': 0}",285.0,788.8937,2.9160000000000004,1.9
2223,-991.6789761968855,24.059338800000003,967.6196373968855,0.0,276.4627535419673,0.0,436.8583455419673,436.8583455419673,0,"{'load': 1, 'battery': 1}",0,160.39559200000002,0,0,0,0,0,"{'solar': 1, 'wind': 0, 'generator': 0}",285.0,572.8414,7.992000000000001,3.5
2224,-497.1248002679669,0.0,497.1248002679669,0.0,552.36088918663,0.0,552.36088918663,552.36088918663,0,"{'load': 1, 'battery': 0}",0,0.0,0,0,0,0,0,"{'solar': 0, 'wind': 0, 'generator': 0}",285.0,0.0178,21.240000000000002,0.8999999999999999
2225,-132.42043902980103,0.0,132.42043902980103,0.0,220.70073171633504,0.0,220.70073171633504,220.70073171633504,0,"{'load': 1, 'battery': 1}",0,0.0,0,0,0,0,0,"{'solar': 0, 'wind': 0, 'generator': 0}",285.0,0.0672,12.6,0.6
2226,-87.47253049985405,0.0,87.47253049985405,0.0,145.78755083309008,0.0,145.78755083309008,145.78755083309008,0,"{'load': 1, 'battery': 1}",0,0.0,0,0,0,0,0,"{'solar': 0, 'wind': 0, 'generator': 0}",285.0,0.0425,2.088,0.6
2227,-174.66730082334766,0.612129,174.05517182334765,0.0,290.0919530389128,0.0,294.17281303891275,294.17281303891275,0,"{'load': 1, 'battery': 1}",0,4.08086,0,0,0,0,0,"{'solar': 1, 'wind': 0, 'generator': 0}",285.0,14.5745,11.268,0.6
2228,-92.44987119247934,27.966556800000003,64.48331439247933,0.0,107.47219065413222,0.0,293.91590265413225,293.91590265413225,0,"{'load': 1, 'battery': 1}",0,186.44371200000003,0,0,0,0,0,"{'solar': 1, 'wind': 0, 'generator': 0}",285.0,665.8704,13.212,0.6
2229,-160.22895399901319,18.5170356,141.7119183990132,0.0,236.18653066502202,0.0,359.63343466502204,359.63343466502204,0,"{'load': 1, 'battery': 1}",0,123.446904,0,0,0,0,0,"{'solar': 1, 'wind': 0, 'generator': 0}",285.0,440.8818,15.156,0.6
2230,-445.23991830948296,0.0,445.23991830948296,0.0,494.71102034387,0.0,494.71102034387,494.71102034387,0,"{'load': 1, 'battery': 1}",0,0.0,0,0,0,0,0,"{'solar': 0, 'wind': 0, 'generator': 0}",285.0,0.0232,3.204,0.8999999999999999
2231,-110.93904198289151,0.0025956,110.9364463828915,0.0,184.89407730481918,0.0,184.91138130481917,184.91138130481917,0,"{'load': 1, 'battery': 1}",0,0.017304,0,0,0,0,0,"{'solar': 1, 'wind': 0, 'generator': 0}",285.0,0.0618,15.947999999999999,0.6
2232,-81.5647736932433,0.007434290629629629,81.55733940261366,0.0,135.9288990043561,0.0,135.9288990043561,135.9288990043561,0,"{'load': 1, 'battery': 1}",0,0.04956,1,0,0,0,0,"{'solar': 1, 'wind': 0, 'generator': 0}",285.0,0.177,9.18,0.6
2233,-183.15632670657658,0.0,183.15632670657658,0.0,305.260544510961,0.0,305.260544510961,305.260544510961,0,"{'load': 1, 'battery': 1}",0,0.0,0,0,0,0,0,"{'solar': 0, 'wind': 0, 'generator': 0}",285.0,7.7147,8.208,0.6
2234,-112.61858936747625,14.718312,97.90027736747625,0.0,163.16712894579376,0.0,261.28920894579375,261.28920894579375,0,"{'load': 1, 'battery': 1}",0,98.12208,0,0,0,0,0,"{'solar': 1, 'wind': 0, 'generator': 0}",285.0,350.436,29.556000000000004,0.6
2235,-225.60792954047952,0.0015833333333333333,225.60634620714617,270.0,106.01057701191033,0.0,265.50199564274993,270.0,1,"{'load': 1, 'battery': 1}",1,0.0,0,0,0,0,0,"{'solar': 0, 'wind': 0, 'generator': 0}",285.0,325.7239,6.3,0.6
2236,-430.50650967402925,0.0016884,430.50707247402926,0.0,478.3411916378103,0.0022512,478.3411916378103,478.3411916378103,0,"{'load': 1, 'battery': 1}",0,0.011256,2,0,0,0,0,"{'solar': 1, 'wind': 0, 'generator': 0}",285.0,0.0402,20.196,0.8999999999999999
2237,-156.03421216612023,0.0,156.03421216612023,0.0,260.05702027686704,0.0,260.05702027686704,260.05702027686704,0,"{'load': 1, 'battery': 1}",0,0.0,1,0,0,0,0,"{'solar': 0, 'wind': 0, 'generator': 0}",285.0,0.1012,42.804,0.6
2238,-81.7975330498433,0.0024024939209876545,81.79513055592231,0.0,136.32521759320386,0.0,136.32521759320386,136.32521759320386,0,"{'load': 1, 'battery': 1}",0,0.016016000000000002,1,0,0,0,0,"{'solar': 1, 'wind': 0, 'generator': 0}",285.0,0.0572,25.452,0.6
2239,-183.2740750903269,2.108734437012346,181.16534065331456,0.0,301.94223442219095,0.0,301.94223442219095,301.94223442219095,0,"{'load': 1, 'battery': 1}",0,14.057680000000001,1,0,0,0,0,"{'solar': 1, 'wind': 0, 'generator': 0}",285.0,50.206,11.376000000000001,0.6
2240,-107.27718794305439,21.501211200000004,85.77597674305439,0.0,142.95996123842397,0.0,286.301369238424,286.301369238424,0,"{'load': 1, 'battery': 1}",0,143.34140800000003,0,0,0,0,0,"{'solar': 1, 'wind': 0, 'generator': 0}",285.0,511.9336,8.568,0.6
2241,-136.90430531116047,14.588212799999999,122.31609251116046,0.0,203.86015418526745,0.0,301.11490618526744,301.11490618526744,0,"{'load': 1, 'battery': 0}",0,97.254752,0,0,0,0,0,"{'solar': 1, 'wind': 0, 'generator': 0}",285.0,347.3384,7.920000000000001,0.6
2242,-478.90301664144914,0.0017220000000000002,478.90129464144917,0.0,532.1125496016102,0.0,532.1240296016102,532.1240296016102,0,"{'load': 1, 'battery': 1}",0,0.011480000000000002,0,0,0,0,0,"{'solar': 1, 'wind': 0, 'generator': 0}",285.0,0.041,25.272,0.8999999999999999
2243,-192.5351608162182,0.0,192.5351608162182,0.0,320.891934693697,0.0,320.891934693697,320.891934693697,0,"{'load': 1, 'battery': 1}",0,0.0,1,0,0,0,0,"{'solar': 0, 'wind': 0, 'generator': 0}",285.0,0.0796,5.796,0.6
2244,-160.5116007879516,0.0036708000000000005,160.5079299879516,0.0,267.513216646586,0.0,267.537688646586,267.537688646586,0,"{'load': 1, 'battery': 1}",0,0.024472000000000004,0,0,0,0,0,"{'solar': 1, 'wind': 0, 'generator': 0}",285.0,0.0874,16.128000000000004,0.6
2245,-285.7924420533644,0.036884402337345676,285.75555765102706,269.776427,206.48283575171178,0.0,476.4828357517118,476.4828357517118,1,"{'load': 1, 'battery': 1}",1,0.23534000000000002,1,0,0,0,0,"{'solar': 1, 'wind': 0, 'generator': 0}",285.0,0.8405,8.568,0.6
2246,-212.16062976953754,14.04067429379136,198.11995547574617,0.0,330.1999257929103,0.0,330.1999257929103,330.1999257929103,0,"{'load': 1, 'battery': 1}",0,93.60083600000002,1,0,0,0,0,"{'solar': 1, 'wind': 0, 'generator': 0}",285.0,334.2887,15.264000000000001,0.6
2247,-148.5196476490841,16.1102928,132.4093548490841,0.0,220.68225808180688,0.0,328.0842100818069,328.0842100818069,0,"{'load': 1, 'battery': 1}",0,107.40195200000001,0,0,0,0,0,"{'solar': 1, 'wind': 0, 'generator': 0}",285.0,383.5784,14.832,0.6
2248,-492.30010437662713,0.0,492.30010437662713,0.0,547.0001159740302,0.0,547.0001159740302,547.0001159740302,0,"{'load': 1, 'battery': 1}",0,0.0,1,0,0,0,0,"{'solar': 0, 'wind': 0, 'generator': 0}",285.0,0.0525,24.12,0.8999999999999999
2249,-193.8202911277217,0.004120361077777778,193.81617076664392,0.0,323.0269512777399,0.0,323.0269512777399,323.0269512777399,0,"{'load': 1, 'battery': 1}",0,0.027468000000000003,1,0,0,0,0,"{'solar': 1, 'wind': 0, 'generator': 0}",285.0,0.0981,49.608,0.6
2250,-174.102720007809,0.0010080394074074074,174.10171196840162,0.0,290.169519947336,0.0,290.169519947336,290.169519947336,0,"{'load': 1, 'battery': 1}",0,0.00672,1,0,0,0,0,"{'solar': 1, 'wind': 0, 'generator': 0}",285.0,0.024,4.392,0.6
2251,-283.91488905085976,0.0437304,283.92946585085974,0.0,473.21577641809955,0.058307200000000003,473.21577641809955,473.21577641809955,0,"{'load': 1, 'battery': 1}",0,0.291536,2,0,0,0,0,"{'solar': 1, 'wind': 0, 'generator': 0}",285.0,1.0412,19.152,0.6
2252,-142.30019577534847,23.591988,118.70820777534846,0.0,197.8470129589141,0.0,355.1269329589141,355.1269329589141,0,"{'load': 1, 'battery': 1}",0,157.27992,0,0,0,0,0,"{'solar': 1, 'wind': 0, 'generator': 0}",285.0,561.714,25.236,0.6
2253,-200.5063970087869,0.0,200.5063970087869,0.0,334.1773283479782,0.0,334.1773283479782,334.1773283479782,0,"{'load': 1, 'battery': 1}",0,0.0,0,0,0,0,0,"{'solar': 0, 'wind': 0, 'generator': 0}",285.0,490.3201,26.676000000000002,0.6
2254,-508.91932928806864,0.0001302,508.9193726880686,0.0,565.4659696534096,0.0001736,565.4659696534096,565.4659696534096,0,"{'load': 1, 'battery': 1}",0,0.000868,2,0,0,0,0,"{'solar': 1, 'wind': 0, 'generator': 0}",285.0,0.0031,22.14,0.8999999999999999
2255,-183.7359990225878,0.0,183.7359990225878,0.0,306.22666503764634,0.0,306.22666503764634,306.22666503764634,0,"{'load': 1, 'battery': 1}",0,0.0,0,0,0,0,0,"{'solar': 0, 'wind': 0, 'generator': 0}",285.0,0.027,6.48,0.6
2256,-435.70739263519243,0.002692305250617285,135.70470032994186,0.0,226.17450054990312,0.0,234.12952492147286,0.0,0,"{'load': 0, 'battery': 1}",0,0.017948000000000006,1,0,0,0,0,"{'solar': 1, 'wind': 0, 'generator': 0}",285.0,0.0641,8.64,0.6
2257,-258.48395343437574,0.25920719999999997,258.57035583437573,0.0,430.9505930572929,0.3456096,430.9505930572929,430.9505930572929,0,"{'load': 1, 'battery': 1}",0,1.728048,2,0,0,0,0,"{'solar': 1, 'wind': 0, 'generator': 0}",285.0,6.1716,25.56,0.6
2258,-74.93638839221288,28.2480702,46.68831819221288,0.0,77.81386365368814,0.0,266.13433165368815,266.13433165368815,0,"{'load': 1, 'battery': 1}",0,188.320468,0,0,0,0,0,"{'solar': 1, 'wind': 0, 'generator': 0}",285.0,672.5731,21.996000000000002,0.6
2259,-194.47359459208144,21.183166916125934,173.2904276759555,0.0,288.81737945992586,0.0,288.81737945992586,288.81737945992586,0,"{'load': 1, 'battery': 1}",0,141.21559200000004,1,0,0,0,0,"{'solar': 1, 'wind': 0, 'generator': 0}",285.0,504.3414,5.976,0.6
2260,-424.237628796183,0.0,424.237628796183,0.0,471.37514310687004,0.0,471.37514310687004,471.37514310687004,0,"{'load': 1, 'battery': 1}",0,0.0,0,0,0,0,0,"{'solar': 0, 'wind': 0, 'generator': 0}",285.0,0.2473,31.895999999999997,0.8999999999999999
2261,-172.8254857205057,0.0016169333333333332,172.82386878717236,270.0,18.03978131195396,0.0,288.04000531195396,288.04000531195396,1,"{'load': 1, 'battery': 1}",1,0.00022400000000000002,0,0,0,0,0,"{'solar': 1, 'wind': 0, 'generator': 0}",285.0,0.0008,15.48,0.6
2262,-153.8435220680628,0.0009072000000000002,153.8426148680628,0.0,256.40435811343804,0.0,256.41040611343806,256.41040611343806,0,"{'load': 1, 'battery': 1}",0,0.006048000000000001,0,0,0,0,0,"{'solar': 1, 'wind': 0, 'generator': 0}",285.0,0.0216,5.796,0.6
2263,-180.85083868778517,0.7620018000000001,180.08883688778516,0.0,300.14806147964197,0.0,305.228073479642,305.228073479642,0,"{'load': 1, 'battery': 1}",0,5.080012000000001,0,0,0,0,0,"{'solar': 1, 'wind': 0, 'generator': 0}",285.0,18.1429,3.708,0.6
2264,-65.11889668295629,32.213827800000004,32.90506888295628,0.0,54.841781471593805,0.0,269.6006334715938,269.6006334715938,0,"{'load': 1, 'battery': 1}",0,214.75885200000002,0,0,0,0,0,"{'solar': 1, 'wind': 0, 'generator': 0}",285.0,766.9959,23.759999999999998,0.6
2265,-59.94940646564149,26.9777802,32.97162626564149,0.0,54.95271044273582,0.0,234.80457844273585,234.80457844273585,0,"{'load': 1, 'battery': 1}",0,179.85186800000002,0,0,0,0,0,"{'solar': 1, 'wind': 0, 'generator': 0}",285.0,642.3281,19.296000000000003,0.6
2266,-432.42732701955583,0.05687442339876544,432.37045259615707,0.0,480.41161399573014,0.0,480.41161399573014,480.41161399573014,0,"{'load': 1, 'battery': 1}",0,0.37914800000000004,1,0,0,0,0,"{'solar': 1, 'wind': 0, 'generator': 0}",285.0,1.3541,9.360000000000001,0.8999999999999999
2267,-157.6865670191945,0.0,157.6865670191945,0.0,262.81094503199085,0.0,262.81094503199085,262.81094503199085,0,"{'load': 1, 'battery': 1}",0,0.0,2,0,0,0,0,"{'solar': 1, 'wind': 0, 'generator': 0}",285.0,0.0,10.08,0.6
2268,-83.4423418779708,0.0,83.4423418779708,0.0,139.070569796618,0.0,139.070569796618,139.070569796618,0,"{'load': 1, 'battery': 1}",0,0.0,2,0,0,0,0,"{'solar': 1, 'wind': 0, 'generator': 0}",285.0,0.0,25.236,0.6
2269,-157.67014890614342,3.9694871999999997,153.70066170614342,0.0,256.16776951023905,0.0,282.6310175102391,282.6310175102391,0,"{'load': 1, 'battery': 1}",0,26.463248,0,0,0,0,0,"{'solar': 1, 'wind': 0, 'generator': 0}",285.0,94.5116,22.176000000000002,0.6
2270,-38.947659810954455,33.710439,5.2372208109544545,0.0,8.728701351590757,0.0,233.46496135159077,233.46496135159077,0,"{'load': 1, 'battery': 1}",0,224.73626000000002,0,0,0,0,0,"{'solar': 1, 'wind': 0, 'generator': 0}",285.0,802.6295,2.9160000000000004,0.6
2271,-97.01392836819846,25.769881199999997,71.24404716819846,0.0,118.74007861366411,0.0,290.5392866136641,290.5392866136641,0,"{'load': 1, 'battery': 1}",0,171.799208,0,0,0,0,0,"{'solar': 1, 'wind': 0, 'generator': 0}",285.0,613.5686,10.296,0.6
2272,-409.11713170277375,0.0,409.11713170277375,0.0,454.57459078085975,0.0,454.57459078085975,454.57459078085975,0,"{'load': 1, 'battery': 1}",0,0.0,1,0,0,0,0,"{'solar': 0, 'wind': 0, 'generator': 0}",285.0,5.3928,26.676000000000002,0.8999999999999999
2273,-116.4009097425847,0.00019320755308641977,116.40071653503162,0.0,194.0011942250527,0.0,194.0011942250527,194.0011942250527,0,"{'load': 1, 'battery': 1}",0,0.001288,1,0,0,0,0,"{'solar': 1, 'wind': 0, 'generator': 0}",285.0,0.0046,17.424,0.6
2274,-84.64628577771673,0.0021755999999999998,84.64701097771673,0.0,141.0783516295279,0.0029008000000000003,141.0783516295279,141.0783516295279,0,"{'load': 1, 'battery': 1}",0,0.014504,2,0,0,0,0,"{'solar': 1, 'wind': 0, 'generator': 0}",285.0,0.0518,16.344,0.6
2275,-155.05986855198952,0.0,155.05986855198952,0.0,258.43311425331586,0.0,258.43311425331586,258.43311425331586,0,"{'load': 1, 'battery': 1}",0,0.0,0,0,0,0,0,"{'solar': 0, 'wind': 0, 'generator': 0}",285.0,240.9805,3.3120000000000003,0.6
2276,-65.79291298947591,37.8192906,27.973622389475906,0.0,14.722959152355742,0.0,266.85156315235577,266.85156315235577,0,"{'load': 1, 'battery': 1}",0,252.12860400000002,0,0,0,0,0,"{'solar': 1, 'wind': 0, 'generator': 0}",285.0,900.4593,19.188000000000002,1.9
2277,-559.0025107316847,33.44635139999999,525.5561593316846,0.0,150.15890266619562,0.0,373.1345786661956,373.1345786661956,0,"{'load': 1, 'battery': 1}",0,222.97567599999996,0,0,0,0,0,"{'solar': 1, 'wind': 0, 'generator': 0}",285.0,796.3417,8.424,3.5
2278,-550.053859261276,1.0628562,248.9910030612759,0.0,131.04789634803996,0.0,481.5464831285798,7.085708,0,"{'load': 0, 'battery': 1}",0,7.085708,0,0,0,0,0,"{'solar': 1, 'wind': 0, 'generator': 0}",285.0,25.3061,16.848,1.9
2279,-131.38294707325875,0.002692200000000001,131.38025487325874,0.0,218.96709145543124,0.0,218.98503945543123,218.98503945543123,0,"{'load': 1, 'battery': 1}",0,0.017948000000000006,0,0,0,0,0,"{'solar': 1, 'wind': 0, 'generator': 0}",285.0,0.0641,4.464,0.6
2280,-92.31255019199016,0.0033432,92.31366459199015,0.0,153.8561076533169,0.004457600000000001,153.8561076533169,153.8561076533169,0,"{'load': 1, 'battery': 1}",0,0.022288000000000002,2,0,0,0,0,"{'solar': 1, 'wind': 0, 'generator': 0}",285.0,0.0796,4.392,0.6
2281,-149.86441421692788,4.3826034,145.4818108169279,0.0,242.46968469487985,0.0,271.68704069487984,271.68704069487984,0,"{'load': 1, 'battery': 1}",0,29.217356,0,0,0,0,0,"{'solar': 1, 'wind': 0, 'generator': 0}",285.0,104.3477,3.8160000000000003,0.6
2282,-124.13759636650207,39.924045,84.21355136650207,0.0,44.3229217718432,0.0,310.4832217718432,310.4832217718432,0,"{'load': 1, 'battery': 1}",0,266.1603,0,0,0,0,0,"{'solar': 1, 'wind': 0, 'generator': 0}",285.0,950.5725,6.3,1.9
2283,-1577.4881191501206,31.80321068679136,1545.6849084633293,0.0,441.6242595609512,0.0,441.6242595609512,441.6242595609512,0,"{'load': 1, 'battery': 1}",0,212.01311600000002,1,0,0,0,0,"{'solar': 1, 'wind': 0, 'generator': 0}",285.0,757.1897,7.272,3.5
2284,-925.5963585450052,2.6805828,922.9157757450051,0.0,485.74514512895007,0.0,503.61569712895005,503.61569712895005,0,"{'load': 1, 'battery': 1}",0,17.870552,0,0,0,0,0,"{'solar': 1, 'wind': 0, 'generator': 0}",285.0,63.8234,6.372,1.9
2285,-144.50619776714902,0.0056153999999999996,144.50806956714902,0.0,240.84678261191505,0.007487199999999999,240.84678261191505,240.84678261191505,0,"{'load': 1, 'battery': 1}",0,0.037436,2,0,0,0,0,"{'solar': 1, 'wind': 0, 'generator': 0}",285.0,0.1337,11.124,0.6
2286,-93.56286680575975,0.0,93.56286680575975,0.0,155.93811134293293,0.0,155.93811134293293,155.93811134293293,0,"{'load': 1, 'battery': 1}",0,0.0,0,0,0,0,0,"{'solar': 0, 'wind': 0, 'generator': 0}",285.0,0.0,24.984,0.6
2287,-154.68756995084217,2.8996421999999997,151.7879277508422,0.0,252.979879584737,0.0,272.310827584737,272.310827584737,0,"{'load': 1, 'battery': 1}",0,19.330948,0,0,0,0,0,"{'solar': 1, 'wind': 0, 'generator': 0}",285.0,69.0391,5.04,0.6
2288,-301.61934300904034,30.7455792,270.8737638090403,0.0,142.56513884686333,0.0,347.53566684686336,347.53566684686336,0,"{'load': 1, 'battery': 1}",0,204.97052800000003,0,0,0,0,0,"{'solar': 1, 'wind': 0, 'generator': 0}",285.0,732.0376,4.464,1.9
2289,-1077.307037739922,32.6439078,1044.6631299399219,0.0,298.47517998283485,0.0,516.1012319828349,516.1012319828349,0,"{'load': 1, 'battery': 1}",0,217.62605200000002,0,0,0,0,0,"{'solar': 1, 'wind': 0, 'generator': 0}",285.0,777.2359,13.716000000000001,3.5
2290,-1052.1034004271758,2.4219342,1049.6814662271759,0.0,552.4639295932504,0.0,568.6101575932504,568.6101575932504,0,"{'load': 1, 'battery': 1}",0,16.146228,0,0,0,0,0,"{'solar': 1, 'wind': 0, 'generator': 0}",285.0,57.6651,6.12,1.9
2291,-168.66715383984123,0.001394454513580247,168.66575938532765,0.0,281.1095989755461,0.0,281.1095989755461,281.1095989755461,0,"{'load': 1, 'battery': 0}",0,0.009296,1,0,0,0,0,"{'solar': 1, 'wind': 0, 'generator': 0}",285.0,0.0332,5.508,0.6
2292,-108.85223331603187,0.0,108.85223331603187,0.0,181.42038886005312,0.0,181.42038886005312,181.42038886005312,0,"{'load': 1, 'battery': 1}",0,0.0,1,0,0,0,0,"{'solar': 0, 'wind': 0, 'generator': 0}",285.0,0.0602,11.735999999999999,0.6
2293,-175.6558143623514,9.892902599999998,178.9534485623514,0.0,298.255747603919,13.190536799999999,298.255747603919,298.255747603919,0,"{'load': 1, 'battery': 1}",0,65.95268399999999,2,0,0,0,0,"{'solar': 1, 'wind': 0, 'generator': 0}",285.0,235.5453,2.16,0.6
2294,-776.7323230787193,17.666201426965433,759.0661216517539,0.0,399.50848507987047,0.0,399.50848507987047,399.50848507987047,0,"{'load': 1, 'battery': 1}",0,117.770072,1,0,0,0,0,"{'solar': 1, 'wind': 0, 'generator': 0}",285.0,420.6074,7.416,1.9
2295,-1142.0411971779884,32.8089384,1109.2322587779884,0.0,316.92350250799666,0.0,535.6497585079967,535.6497585079967,0,"{'load': 1, 'battery': 0}",0,218.72625600000003,0,0,0,0,0,"{'solar': 1, 'wind': 0, 'generator': 0}",285.0,781.1652,16.128000000000004,3.5
2296,-1118.5855983284775,1.6123842331333331,1116.9732140953442,0.0,587.8806389975497,0.0,587.8806389975497,587.8806389975497,0,"{'load': 1, 'battery': 1}",0,10.748807999999999,1,0,0,0,0,"{'solar': 1, 'wind': 0, 'generator': 0}",285.0,38.3886,23.040000000000003,1.9
2297,-168.04190816376112,0.003796948434567901,168.03811121532655,0.0,280.06351869221095,0.0,280.06351869221095,280.06351869221095,0,"{'load': 1, 'battery': 1}",0,0.025311999999999998,1,0,0,0,0,"{'solar': 1, 'wind': 0, 'generator': 0}",285.0,0.0904,17.64,0.6
2298,-107.93479823559666,0.0,107.93479823559666,0.0,179.8913303926611,0.0,179.8913303926611,179.8913303926611,0,"{'load': 1, 'battery': 1}",0,0.0,0,0,0,0,0,"{'solar': 0, 'wind': 0, 'generator': 0}",285.0,0.0471,1.836,0.6
2299,-136.19062122431131,4.624657992318518,131.56596323199278,0.0,219.27660538665467,0.0,219.27660538665467,219.27660538665467,0,"{'load': 1, 'battery': 1}",0,30.829848,1,0,0,0,0,"{'solar': 1, 'wind': 0, 'generator': 0}",285.0,110.1066,13.356,0.6
2300,-534.6360229883489,35.7041706,546.537413188349,0.0,287.65127009913107,47.605560800000006,287.65127009913107,287.65127009913107,0,"{'load': 1, 'battery': 1}",0,238.027804,2,0,0,0,0,"{'solar': 1, 'wind': 0, 'generator': 0}",285.0,850.0993,5.688000000000001,1.9
2301,-1168.016434099153,29.7255882,1138.290845899153,0.0,325.2259559711866,0.0,523.3965439711866,523.3965439711866,0,"{'load': 1, 'battery': 1}",0,198.170588,0,0,0,0,0,"{'solar': 1, 'wind': 0, 'generator': 0}",285.0,707.7521,26.136,3.5
2302,-1119.4131209780362,0.3805704,1119.0325505780363,0.0,588.9645003042297,0.0,591.5016363042297,591.5016363042297,0,"{'load': 1, 'battery': 1}",0,2.537136,0,0,0,0,0,"{'solar': 1, 'wind': 0, 'generator': 0}",285.0,9.0612,16.92,1.9
2303,-158.7534491394287,0.0,158.7534491394287,0.0,264.58908189904787,0.0,264.58908189904787,264.58908189904787,0,"{'load': 1, 'battery': 1}",0,0.0,0,0,0,0,0,"{'solar': 0, 'wind': 0, 'generator': 0}",285.0,0.0471,10.692,0.6
2304,-104.78094359968132,0.0011340443333333334,104.779809555348,0.0,174.63301592558,0.0,174.63301592558,174.63301592558,0,"{'load': 1, 'battery': 1}",0,0.00756,1,0,0,0,0,"{'solar': 1, 'wind': 0, 'generator': 0}",285.0,0.027,12.816,0.6
2305,-164.3852214910324,5.7615137999999995,158.62370769103242,0.0,264.3728461517207,0.0,302.7829381517207,302.7829381517207,0,"{'load': 1, 'battery': 1}",0,38.410092,0,0,0,0,0,"{'solar': 1, 'wind': 0, 'generator': 0}",285.0,137.1789,1.836,0.6
2306,-302.1677375680079,32.9057988,269.2619387680079,0.0,141.7168098778989,0.0,361.0888018778989,361.0888018778989,0,"{'load': 1, 'battery': 1}",0,219.371992,0,0,0,0,0,"{'solar': 1, 'wind': 0, 'generator': 0}",285.0,783.4714,7.704000000000001,1.9
2307,-1046.336588612418,25.7855892,1020.5509994124179,0.0,291.5859998321194,0.0,463.4899278321194,463.4899278321194,0,"{'load': 1, 'battery': 1}",0,171.903928,0,0,0,0,0,"{'solar': 1, 'wind': 0, 'generator': 0}",285.0,613.9426,5.688000000000001,3.5
2308,-1094.3212981773322,0.010924133333333332,1094.3103740439988,270.0,305.9528284442099,0.0,576.0151004442099,576.0151004442099,1,"{'load': 1, 'battery': 1}",1,0.062271999999999994,0,0,0,0,0,"{'solar': 1, 'wind': 0, 'generator': 0}",285.0,0.2224,10.836,1.9
2309,-131.55797474284873,0.001915274874074074,131.55605946797465,0.0,219.2600991132911,0.0,219.2600991132911,219.2600991132911,0,"{'load': 1, 'battery': 1}",0,0.012768,1,0,0,0,0,"{'solar': 1, 'wind': 0, 'generator': 0}",285.0,0.0456,4.032000000000001,0.6
2310,-86.51171076074884,0.0033095999999999998,86.50840116074885,0.0,144.18066860124807,0.0,144.20273260124807,144.20273260124807,0,"{'load': 1, 'battery': 0}",0,0.022064,0,0,0,0,0,"{'solar': 1, 'wind': 0, 'generator': 0}",285.0,0.0788,18.791999999999998,0.6
2311,-194.22194426294553,3.132549661145679,191.08939460179985,0.0,318.4823243363331,0.0,318.4823243363331,318.4823243363331,0,"{'load': 1, 'battery': 1}",0,20.882848,1,0,0,0,0,"{'solar': 1, 'wind': 0, 'generator': 0}",285.0,74.5816,6.8759999999999994,0.6
2312,-97.44491441306513,29.5979376,67.84697681306513,0.0,113.07829468844187,0.0,310.3978786884419,310.3978786884419,0,"{'load': 1, 'battery': 1}",0,197.31958400000002,0,0,0,0,0,"{'solar': 1, 'wind': 0, 'generator': 0}",285.0,704.7128,5.184,0.6
2313,-167.09342604360006,20.5567782,146.53664784360006,0.0,244.2277464060001,0.0,381.2729344060001,381.2729344060001,0,"{'load': 1, 'battery': 0}",0,137.045188,0,0,0,0,0,"{'solar': 1, 'wind': 0, 'generator': 0}",285.0,489.4471,10.404,0.6
2314,-455.78001605252376,0.0,455.78001605252376,0.0,506.42224005835976,0.0,506.42224005835976,506.42224005835976,0,"{'load': 1, 'battery': 1}",0,0.0,0,0,0,0,0,"{'solar': 0, 'wind': 0, 'generator': 0}",285.0,0.0394,9.288,0.8999999999999999
2315,-115.8731989395495,0.0019488761876543207,115.87125006336184,0.0,193.11875010560308,0.0,193.11875010560308,193.11875010560308,0,"{'load': 1, 'battery': 1}",0,0.012991999999999998,1,0,0,0,0,"{'solar': 1, 'wind': 0, 'generator': 0}",285.0,0.0464,12.78,0.6
2316,-382.67406624747184,0.0029190000000000006,82.67114724747185,0.0,137.7852454124531,0.0,139.6513190346099,0.019460000000000005,0,"{'load': 0, 'battery': 1}",0,0.019460000000000005,0,0,0,0,0,"{'solar': 1, 'wind': 0, 'generator': 0}",285.0,0.0695,13.428,0.6
2317,-177.2558744458147,1.4951954518580248,175.76067899395667,0.0,292.9344649899278,0.0,292.9344649899278,292.9344649899278,0,"{'load': 1, 'battery': 1}",0,9.967580000000002,1,0,0,0,0,"{'solar': 1, 'wind': 0, 'generator': 0}",285.0,35.5985,12.78,0.6
2318,-80.68758644049235,26.9093748,53.77821164049235,0.0,89.63035273415392,0.0,269.0261847341539,269.0261847341539,0,"{'load': 1, 'battery': 1}",0,179.39583199999998,0,0,0,0,0,"{'solar': 1, 'wind': 0, 'generator': 0}",285.0,640.6994,5.652,0.6
2319,-115.15359946477261,17.639958,97.51364146477262,0.0,162.52273577462103,0.0,280.122455774621,280.122455774621,0,"{'load': 1, 'battery': 1}",0,117.59972,0,0,0,0,0,"{'solar': 1, 'wind': 0, 'generator': 0}",285.0,419.999,56.268,0.6
2320,-452.09208538029606,0.0013608,452.09072458029607,0.0,502.3230273114401,0.0,502.3320993114401,502.3320993114401,0,"{'load': 1, 'battery': 1}",0,0.009072,0,0,0,0,0,"{'solar': 1, 'wind': 0, 'generator': 0}",285.0,0.0324,20.52,0.8999999999999999
2321,-160.61015961754217,0.0037632000000000004,160.61141401754216,0.0,267.6856900292369,0.0050176000000000005,267.6856900292369,267.6856900292369,0,"{'load': 1, 'battery': 0}",0,0.025088000000000003,2,0,0,0,0,"{'solar': 1, 'wind': 0, 'generator': 0}",285.0,0.0896,16.308,0.6
2322,-79.8546345400932,0.0,79.8546345400932,0.0,133.091057566822,0.0,133.091057566822,133.091057566822,0,"{'load': 1, 'battery': 1}",0,0.0,0,0,0,0,0,"{'solar': 0, 'wind': 0, 'generator': 0}",285.0,0.1182,29.628000000000004,0.6
2323,-176.99102915989747,0.2586108,177.07723275989744,0.0,295.12872126649575,0.3448144,295.12872126649575,295.12872126649575,0,"{'load': 1, 'battery': 1}",0,1.724072,2,0,0,0,0,"{'solar': 1, 'wind': 0, 'generator': 0}",285.0,6.1574,26.82,0.6
2324,-80.36223175461708,22.8902058,57.47202595461709,0.0,95.78670992436182,0.0,248.3880819243618,248.3880819243618,0,"{'load': 1, 'battery': 1}",0,152.601372,0,0,0,0,0,"{'solar': 1, 'wind': 0, 'generator': 0}",285.0,545.0049,49.14,0.6
2325,-153.8327669685888,1.1445672,152.6881997685888,0.0,254.48033294764798,0.0,262.110780947648,262.110780947648,0,"{'load': 1, 'battery': 1}",0,7.630448,0,0,0,0,0,"{'solar': 1, 'wind': 0, 'generator': 0}",285.0,27.2516,9.0,0.6
2326,-471.6191276613173,0.0009072000000000002,471.6194300613173,0.0,524.0215889570193,0.0012096000000000003,524.0215889570193,524.0215889570193,0,"{'load': 1, 'battery': 1}",0,0.006048000000000001,2,0,0,0,0,"{'solar': 1, 'wind': 0, 'generator': 0}",285.0,0.0216,15.192,0.8999999999999999
2327,-187.67702546672453,0.0,187.67702546672453,0.0,312.7950424445409,0.0,312.7950424445409,312.7950424445409,0,"{'load': 1, 'battery': 1}",0,0.0,0,0,0,0,0,"{'solar': 0, 'wind': 0, 'generator': 0}",285.0,0.0572,5.9399999999999995,0.6
2328,-139.45975194092287,0.005422199999999999,139.45432974092287,0.0,232.42388290153812,0.0,232.46003090153812,232.46003090153812,0,"{'load': 1, 'battery': 1}",0,0.036148,0,0,0,0,0,"{'solar': 1, 'wind': 0, 'generator': 0}",285.0,0.1291,6.984,0.6
2329,-270.8358636807236,1.2180503999999999,271.24188048072364,0.0,452.06980080120604,1.6240672,452.06980080120604,452.06980080120604,0,"{'load': 1, 'battery': 1}",0,8.120336,2,0,0,0,0,"{'solar': 1, 'wind': 0, 'generator': 0}",285.0,29.0012,7.164,0.6
2330,-127.14492355886401,20.873924400000003,106.270999158864,0.0,177.11833193144,0.0,316.27782793144,316.27782793144,0,"{'load': 1, 'battery': 1}",0,139.15949600000002,0,0,0,0,0,"{'solar': 1, 'wind': 0, 'generator': 0}",285.0,496.9982,11.592,0.6
2331,-238.17697691629738,16.153691333333335,222.02328558296404,270.0,100.03880930494009,0.0,247.24122892203573,377.68072,1,"{'load': 1, 'battery': 1}",1,107.68072000000001,0,0,0,0,0,"{'solar': 1, 'wind': 0, 'generator': 0}",285.0,384.574,7.056,0.6
2332,-498.90836707053296,0.0017514000000000004,498.906615670533,0.0,554.34068407837,0.0,554.35236007837,554.35236007837,0,"{'load': 1, 'battery': 1}",0,0.011676000000000002,0,0,0,0,0,"{'solar': 1, 'wind': 0, 'generator': 0}",285.0,0.0417,27.864,0.8999999999999999
2333,-201.47553638759103,0.004153800000000001,201.47138258759102,0.0,335.78563764598505,0.0,335.81332964598505,335.81332964598505,0,"{'load': 1, 'battery': 1}",0,0.027692000000000005,0,0,0,0,0,"{'solar': 1, 'wind': 0, 'generator': 0}",285.0,0.0989,25.452,0.6
2334,-161.79000120014405,0.0015582000000000003,161.78844300014404,0.0,269.6474050002401,0.0,269.6577930002401,269.6577930002401,0,"{'load': 1, 'battery': 1}",0,0.010388000000000001,0,0,0,0,0,"{'solar': 1, 'wind': 0, 'generator': 0}",285.0,0.0371,17.64,0.6
2335,-302.08935918931587,0.03673883623580247,302.05262035308004,0.0,503.4210339218001,0.0,503.4210339218001,503.4210339218001,0,"{'load': 1, 'battery': 1}",0,0.24491600000000005,1,0,0,0,0,"{'solar': 1, 'wind': 0, 'generator': 0}",285.0,0.8747,19.152,0.6
2336,-179.60408204766898,11.9616588,167.64242324766897,0.0,279.40403874611496,0.0,359.14843074611497,359.14843074611497,0,"{'load': 1, 'battery': 1}",0,79.744392,0,0,0,0,0,"{'solar': 1, 'wind': 0, 'generator': 0}",285.0,284.8014,18.720000000000002,0.6
2337,-136.46377855671346,11.813453399999998,124.65032515671348,0.0,207.7505419278558,0.0,286.5068979278558,286.5068979278558,0,"{'load': 1, 'battery': 1}",0,78.756356,0,0,0,0,0,"{'solar': 1, 'wind': 0, 'generator': 0}",285.0,281.2727,34.632,0.6
2338,-464.00601403003833,0.0008778000000000001,464.0051362300383,0.0,515.5612624778204,0.0,515.5671144778204,515.5671144778204,0,"{'load': 1, 'battery': 1}",0,0.005852,0,0,0,0,0,"{'solar': 1, 'wind': 0, 'generator': 0}",285.0,0.0209,27.828000000000003,0.8999999999999999
2339,-192.56645362536415,0.0019782,192.56447542536415,0.0,320.9407923756069,0.0,320.95398037560693,320.95398037560693,0,"{'load': 1, 'battery': 1}",0,0.013188,0,0,0,0,0,"{'solar': 1, 'wind': 0, 'generator': 0}",285.0,0.0471,19.8,0.6
2340,-189.45733010226658,0.0,189.45733010226658,0.0,315.762216837111,0.0,315.762216837111,315.762216837111,0,"{'load': 1, 'battery': 1}",0,0.0,2,0,0,0,0,"{'solar': 0, 'wind': 0, 'generator': 0}",285.0,0.0549,19.008000000000003,0.6
2341,-259.3214327232733,0.0,259.3214327232733,0.0,432.2023878721222,0.0,432.2023878721222,432.2023878721222,0,"{'load': 1, 'battery': 1}",0,0.0,1,0,0,0,0,"{'solar': 0, 'wind': 0, 'generator': 0}",285.0,2.3555,29.376,0.6
2342,-204.87516649784448,0.0,204.87516649784448,0.0,341.4586108297408,0.0,341.4586108297408,341.4586108297408,0,"{'load': 1, 'battery': 1}",0,0.0,1,0,0,0,0,"{'solar': 0, 'wind': 0, 'generator': 0}",285.0,427.0419,4.032000000000001,0.6
2343,-163.07798897363097,2.2330130954530865,160.84497587817788,0.0,268.0749597969631,0.0,268.0749597969631,268.0749597969631,0,"{'load': 1, 'battery': 1}",0,14.886172,1,0,0,0,0,"{'solar': 1, 'wind': 0, 'generator': 0}",285.0,53.1649,36.576,0.6
2344,-456.5655738402392,0.0,456.5655738402392,0.0,507.2950820447103,0.0,507.2950820447103,507.2950820447103,0,"{'load': 1, 'battery': 1}",0,0.0,0,0,0,0,0,"{'solar': 0, 'wind': 0, 'generator': 0}",285.0,0.044,19.908,0.8999999999999999
2345,-175.09849843286224,0.0010710418703703702,175.09742739099187,0.0,291.82904565165313,0.0,291.82904565165313,291.82904565165313,0,"{'load': 1, 'battery': 1}",0,0.00714,1,0,0,0,0,"{'solar': 1, 'wind': 0, 'generator': 0}",285.0,0.0255,15.984000000000002,0.6
2346,-122.0067710323878,0.0040908,122.0026802323878,0.0,203.33780038731302,0.0,203.36507238731303,203.36507238731303,0,"{'load': 1, 'battery': 1}",0,0.027272000000000005,0,0,0,0,0,"{'solar': 1, 'wind': 0, 'generator': 0}",285.0,0.0974,10.476,0.6
2347,-206.06484903219842,0.341733,205.72311603219842,0.0,342.871860053664,0.0,345.150080053664,345.150080053664,0,"{'load': 1, 'battery': 1}",0,2.27822,0,0,0,0,0,"{'solar': 1, 'wind': 0, 'generator': 0}",285.0,8.1365,9.684,0.6
2348,-100.45674483464984,31.8546606,68.60208423464984,0.0,114.33680705774972,0.0,326.70121105774973,326.70121105774973,0,"{'load': 1, 'battery': 1}",0,212.364404,0,0,0,0,0,"{'solar': 1, 'wind': 0, 'generator': 0}",285.0,758.4443,6.228,0.6
2349,-60.39438000070186,27.108475800000004,33.28590420070185,0.0,55.47650700116975,0.0,236.19967900116978,236.19967900116978,0,"{'load': 1, 'battery': 1}",0,180.72317200000003,0,0,0,0,0,"{'solar': 1, 'wind': 0, 'generator': 0}",285.0,645.4399,5.076,0.6
2350,-415.41464431102804,0.042168,415.37247631102804,0.0,461.5249736789201,0.0,461.8060936789201,461.8060936789201,0,"{'load': 1, 'battery': 1}",0,0.28112,0,0,0,0,0,"{'solar': 1, 'wind': 0, 'generator': 0}",285.0,1.004,5.256,0.8999999999999999
2351,-163.90970065123503,0.0,163.90970065123503,0.0,273.18283441872507,0.0,273.18283441872507,273.18283441872507,0,"{'load': 1, 'battery': 1}",0,0.0,0,0,0,0,0,"{'solar': 0, 'wind': 0, 'generator': 0}",285.0,0.0178,10.512,0.6
2352,-103.50165224077313,0.0031164000000000005,103.49853584077313,0.0,172.4975597346219,0.0,172.5183357346219,172.5183357346219,0,"{'load': 1, 'battery': 1}",0,0.020776000000000003,0,0,0,0,0,"{'solar': 1, 'wind': 0, 'generator': 0}",285.0,0.0742,9.972,0.6
2353,-186.9175855011734,3.9343862074395064,182.9831992937339,0.0,304.9719988228898,0.0,304.9719988228898,304.9719988228898,0,"{'load': 1, 'battery': 1}",0,26.228216000000003,1,0,0,0,0,"{'solar': 1, 'wind': 0, 'generator': 0}",285.0,93.6722,1.476,0.6
2354,-56.967694924287414,35.6608182,21.30687672428741,0.0,35.511461207145686,0.0,227.69194708621094,237.738788,0,"{'load': 1, 'battery': 1}",0,237.738788,0,0,0,0,0,"{'solar': 1, 'wind': 0, 'generator': 0}",285.0,849.0671,24.66,0.6
2355,-73.25224483276509,30.920185800000002,42.33205903276508,0.0,70.55343172127513,0.0,276.68800372127515,276.68800372127515,0,"{'load': 1, 'battery': 1}",0,206.13457200000002,0,0,0,0,0,"{'solar': 1, 'wind': 0, 'generator': 0}",285.0,736.1949,4.86,0.6
2356,-396.0285487270197,0.0,396.0285487270197,0.0,440.03172080779973,0.0,440.03172080779973,440.03172080779973,0,"{'load': 1, 'battery': 1}",0,0.0,0,0,0,0,0,"{'solar': 0, 'wind': 0, 'generator': 0}",285.0,4.039,2.736,0.8999999999999999
2357,-113.73254152002183,0.0,113.73254152002183,0.0,189.55423586670304,0.0,189.55423586670304,189.55423586670304,0,"{'load': 1, 'battery': 1}",0,0.0,1,0,0,0,0,"{'solar': 0, 'wind': 0, 'generator': 0}",285.0,0.0,15.3,0.6
2358,-84.75689517711064,0.007790999999999999,84.74910417711064,0.0,141.24850696185106,0.0,141.30044696185107,141.30044696185107,0,"{'load': 1, 'battery': 1}",0,0.05194,0,0,0,0,0,"{'solar': 1, 'wind': 0, 'generator': 0}",285.0,0.1855,15.120000000000001,0.6
2359,-168.07369526130267,8.378659747966667,159.695035513336,0.0,266.1583925222267,0.0,266.1583925222267,266.1583925222267,0,"{'load': 1, 'battery': 1}",0,55.855548000000006,1,0,0,0,0,"{'solar': 1, 'wind': 0, 'generator': 0}",285.0,199.4841,4.212,0.6
2360,-188.8080378734968,38.201368800000004,150.6066690734968,0.0,251.01111512249466,0.0,249.67088918474795,254.67579200000003,0,"{'load': 1, 'battery': 1}",0,254.67579200000003,0,0,0,0,0,"{'solar': 1, 'wind': 0, 'generator': 0}",285.0,909.5564,9.792000000000002,0.6
2361,-390.0767936191141,32.9736876,357.1031060191141,0.0,102.02945886260403,0.0,321.85404286260405,321.85404286260405,0,"{'load': 1, 'battery': 1}",0,219.82458400000002,0,0,0,0,0,"{'solar': 1, 'wind': 0, 'generator': 0}",285.0,785.0878,13.428,3.5
2362,-896.9464355853354,1.1822454,895.7641901853353,0.0,471.4548369396502,0.0,479.3364729396502,479.3364729396502,0,"{'load': 1, 'battery': 0}",0,7.881636,0,0,0,0,0,"{'solar': 1, 'wind': 0, 'generator': 0}",285.0,28.1487,22.356,1.9
2363,-126.89078005929129,0.0,126.89078005929129,0.0,211.48463343215215,0.0,211.48463343215215,211.48463343215215,0,"{'load': 1, 'battery': 1}",0,0.0,0,0,0,0,0,"{'solar': 0, 'wind': 0, 'generator': 0}",285.0,0.0,3.6,0.6
2364,-87.5132922182934,0.0025619999999999996,87.5107302182934,0.0,145.851217030489,0.0,145.868297030489,145.868297030489,0,"{'load': 1, 'battery': 1}",0,0.017079999999999998,0,0,0,0,0,"{'solar': 1, 'wind': 0, 'generator': 0}",285.0,0.061,4.680000000000001,0.6
2365,-156.33285174075283,0.0,156.33285174075283,0.0,260.55475290125474,0.0,260.55475290125474,260.55475290125474,0,"{'load': 1, 'battery': 1}",0,0.0,1,0,0,0,0,"{'solar': 0, 'wind': 0, 'generator': 0}",285.0,121.1914,17.532,0.6
2366,-110.0402741723446,38.635707599999996,71.40456657234459,0.0,37.581350827549784,0.0,295.15273482754975,295.15273482754975,0,"{'load': 1, 'battery': 1}",0,257.57138399999997,0,0,0,0,0,"{'solar': 1, 'wind': 0, 'generator': 0}",285.0,919.8978,18.791999999999998,1.9
2367,-229.01288978233765,31.2206538,239.41977438233764,0.0,68.40564982352504,41.627538400000006,338.40564982352504,338.40564982352504,1,"{'load': 1, 'battery': 0}",1,208.13769200000002,2,0,0,0,0,"{'solar': 1, 'wind': 0, 'generator': 0}",15.0,743.3489,28.116,3.5
2368,-951.0494587694662,2.7091512,948.3403075694663,0.0,499.1264776681402,0.0,517.1874856681402,517.1874856681402,0,"{'load': 1, 'battery': 1}",0,18.061008,0,0,0,0,0,"{'solar': 1, 'wind': 0, 'generator': 0}",285.0,64.5036,5.436,1.9
2369,-145.83848739394375,0.0,145.83848739394375,0.0,243.06414565657295,0.0,243.06414565657295,243.06414565657295,0,"{'load': 1, 'battery': 1}",0,0.0,0,0,0,0,0,"{'solar': 0, 'wind': 0, 'generator': 0}",285.0,0.0077,14.652000000000001,0.6
2370,-91.2339123145132,0.005418211814814815,91.22849410269839,0.0,152.047490171164,0.0,152.047490171164,152.047490171164,0,"{'load': 1, 'battery': 1}",0,0.03612,1,0,0,0,0,"{'solar': 1, 'wind': 0, 'generator': 0}",285.0,0.129,8.784,0.6
2371,-160.25282050381082,9.538767,163.43240950381082,0.0,272.38734917301804,12.718356,272.38734917301804,272.38734917301804,0,"{'load': 1, 'battery': 1}",0,63.59178,2,0,0,0,0,"{'solar': 1, 'wind': 0, 'generator': 0}",285.0,227.1135,21.6,0.6
2372,-761.1143690874735,38.74500413333334,722.3693649541402,270.0,110.19440260744221,0.0,350.0614514355338,528.289472,1,"{'load': 1, 'battery': 1}",1,258.28947200000005,0,0,0,0,0,"{'solar': 1, 'wind': 0, 'generator': 0}",285.0,922.4624,4.680000000000001,1.9
2373,-868.4109548385143,33.3149082,835.0960466385143,0.0,238.59887046814694,0.0,460.69825846814695,460.69825846814695,0,"{'load': 1, 'battery': 1}",0,222.099388,0,0,0,0,0,"{'solar': 1, 'wind': 0, 'generator': 0}",285.0,793.2121,23.076,3.5
2374,-1023.9083304303844,2.3595264,1021.5488040303843,0.0,537.6572652791497,0.0,553.3874412791497,553.3874412791497,0,"{'load': 1, 'battery': 1}",0,15.730176000000002,0,0,0,0,0,"{'solar': 1, 'wind': 0, 'generator': 0}",285.0,56.1792,7.272,1.9
2375,-152.06783499189717,0.0035994000000000004,152.06423559189716,0.0,253.44039265316192,0.0,253.46438865316193,253.46438865316193,0,"{'load': 1, 'battery': 1}",0,0.023996000000000003,0,0,0,0,0,"{'solar': 1, 'wind': 0, 'generator': 0}",285.0,0.0857,2.592,0.6
2376,-105.27584936350095,0.0023016,105.27354776350096,0.0,175.45591293916826,0.0,175.47125693916826,175.47125693916826,0,"{'load': 1, 'battery': 1}",0,0.015344000000000002,0,0,0,0,0,"{'solar': 1, 'wind': 0, 'generator': 0}",285.0,0.0548,11.16,0.6
2377,-187.1778580966918,3.176096963545679,184.00176113314612,0.0,306.6696018885769,0.0,306.6696018885769,306.6696018885769,0,"{'load': 1, 'battery': 1}",0,21.173152,1,0,0,0,0,"{'solar': 1, 'wind': 0, 'generator': 0}",285.0,75.6184,13.536,0.6
2378,-295.3056753025878,38.2990482,257.0066271025878,0.0,135.26664584346727,0.0,390.5936338434673,390.5936338434673,0,"{'load': 1, 'battery': 1}",0,255.326988,0,0,0,0,0,"{'solar': 1, 'wind': 0, 'generator': 0}",285.0,911.8821,7.920000000000001,1.9
2379,-1169.6382564112125,33.545379,1136.0928774112126,0.0,324.5979649746322,0.0,548.2338249746322,548.2338249746322,0,"{'load': 1, 'battery': 1}",0,223.63585999999998,0,0,0,0,0,"{'solar': 1, 'wind': 0, 'generator': 0}",285.0,798.6995,12.276000000000002,3.5
2380,-1112.643500498617,1.5761634,1113.1688882986168,0.0,585.87836226243,2.1015512000000003,585.87836226243,585.87836226243,0,"{'load': 1, 'battery': 1}",0,10.507756,2,0,0,0,0,"{'solar': 1, 'wind': 0, 'generator': 0}",285.0,37.5277,11.879999999999999,1.9
2381,-164.3898166640389,0.0009072354666666668,164.38890942857225,0.0,273.98151571428707,0.0,273.98151571428707,273.98151571428707,0,"{'load': 1, 'battery': 1}",0,0.006048000000000001,1,0,0,0,0,"{'solar': 1, 'wind': 0, 'generator': 0}",285.0,0.0216,9.936,0.6
2382,-107.60121865010514,0.0015582000000000003,107.59966045010513,0.0,179.3327674168419,0.0,179.3431554168419,179.3431554168419,0,"{'load': 1, 'battery': 1}",0,0.010388000000000001,0,0,0,0,0,"{'solar': 1, 'wind': 0, 'generator': 0}",285.0,0.0371,7.2,0.6
2383,-155.7810510232098,8.148693000000002,147.6323580232098,0.0,246.05393003868303,0.0,300.37855003868304,300.37855003868304,0,"{'load': 1, 'battery': 1}",0,54.32462000000001,0,0,0,0,0,"{'solar': 1, 'wind': 0, 'generator': 0}",285.0,194.0165,1.8,0.6
2384,-340.9070595484712,36.5700342,304.3370253484712,0.0,160.17738176235326,0.0,403.97760976235327,403.97760976235327,0,"{'load': 1, 'battery': 1}",0,243.800228,0,0,0,0,0,"{'solar': 1, 'wind': 0, 'generator': 0}",285.0,870.7151,6.48,1.9
2385,-1211.334292759313,29.319515400000004,1182.014777359313,0.0,337.7185078169466,0.0,533.1819438169466,533.1819438169466,0,"{'load': 1, 'battery': 1}",0,195.46343600000003,0,0,0,0,0,"{'solar': 1, 'wind': 0, 'generator': 0}",285.0,698.0837,5.58,3.5
2386,-936.6244330011485,0.9694314,935.6550016011486,0.0,492.4500008427098,0.0,498.9128768427098,498.9128768427098,0,"{'load': 1, 'battery': 1}",0,6.4628760000000005,0,0,0,0,0,"{'solar': 1, 'wind': 0, 'generator': 0}",285.0,23.0817,16.56,1.9
2387,-151.7832616807333,0.002499,151.7807626807333,0.0,252.96793780122215,0.0,252.98459780122215,252.98459780122215,0,"{'load': 1, 'battery': 1}",0,0.01666,0,0,0,0,0,"{'solar': 1, 'wind': 0, 'generator': 0}",285.0,0.0595,3.9600000000000004,0.6
2388,-102.51113208134473,0.0015582000000000003,102.50957388134472,0.0,170.8492898022412,0.0,170.8596778022412,170.8596778022412,0,"{'load': 1, 'battery': 1}",0,0.010388000000000001,0,0,0,0,0,"{'solar': 1, 'wind': 0, 'generator': 0}",285.0,0.0371,9.684,0.6
2389,-167.05472791150078,7.0636062,159.99112171150077,0.0,266.651869519168,0.0,313.742577519168,313.742577519168,0,"{'load': 1, 'battery': 0}",0,47.090708,0,0,0,0,0,"{'solar': 1, 'wind': 0, 'generator': 0}",285.0,168.1811,10.404,0.6
2390,-696.6927992175274,0.0,696.6927992175274,0.0,366.6804206408039,0.0,366.6804206408039,366.6804206408039,0,"{'load': 1, 'battery': 1}",0,0.0,0,0,0,0,0,"{'solar': 0, 'wind': 0, 'generator': 0}",285.0,820.9164,7.416,1.9
2391,-1480.237546142333,14.6991558,1465.538390342333,0.0,418.72525438352375,0.0,516.7196263835237,516.7196263835237,0,"{'load': 1, 'battery': 1}",0,97.994372,0,0,0,0,0,"{'solar': 1, 'wind': 0, 'generator': 0}",285.0,349.9799,25.2,3.5
2392,-1111.3575124013346,0.040361999999999995,1111.3709664013347,0.0,584.9320875796499,0.053816,584.9320875796499,584.9320875796499,0,"{'load': 1, 'battery': 1}",0,0.26908,2,0,0,0,0,"{'solar': 1, 'wind': 0, 'generator': 0}",285.0,0.961,24.840000000000003,1.9
2393,-150.73801625620504,0.0007476,150.73726865620503,0.0,251.22878109367508,0.0,251.2337650936751,251.2337650936751,0,"{'load': 1, 'battery': 1}",0,0.004984,0,0,0,0,0,"{'solar': 1, 'wind': 0, 'generator': 0}",285.0,0.0178,11.16,0.6
2394,-96.16036391826061,0.0,96.16036391826061,0.0,160.26727319710102,0.0,160.26727319710102,160.26727319710102,0,"{'load': 1, 'battery': 1}",0,0.0,0,0,0,0,0,"{'solar': 0, 'wind': 0, 'generator': 0}",285.0,0.0502,1.836,0.6
2395,-173.88510944335044,2.5168164,174.72404824335044,0.0,291.2067470722507,3.3557552000000004,291.2067470722507,291.2067470722507,0,"{'load': 1, 'battery': 1}",0,16.778776,2,0,0,0,0,"{'solar': 1, 'wind': 0, 'generator': 0}",285.0,59.9242,24.084000000000003,0.6
2396,-250.61867101167124,28.133292599999994,222.48537841167123,0.0,117.09756758509013,0.0,304.6528515850901,304.6528515850901,0,"{'load': 1, 'battery': 1}",0,187.55528399999997,0,0,0,0,0,"{'solar': 1, 'wind': 0, 'generator': 0}",285.0,669.8403,13.968,1.9
2397,-174.1836343385195,24.507630000000002,149.6760043385195,0.0,249.46000723086587,0.0,412.8442072308659,412.8442072308659,0,"{'load': 1, 'battery': 1}",0,163.38420000000002,0,0,0,0,0,"{'solar': 1, 'wind': 0, 'generator': 0}",285.0,583.515,5.472,0.6
2398,-503.73056244180145,0.0007770303765432098,503.7297854114249,0.0,559.69976156825,0.0,559.69976156825,559.69976156825,0,"{'load': 1, 'battery': 1}",0,0.00518,1,0,0,0,0,"{'solar': 1, 'wind': 0, 'generator': 0}",285.0,0.0185,4.572,0.8999999999999999
2399,-124.40395629676384,0.0,124.40395629676384,0.0,207.33992716127307,0.0,207.33992716127307,207.33992716127307,0,"{'load': 1, 'battery': 1}",0,0.0,0,0,0,0,0,"{'solar': 0, 'wind': 0, 'generator': 0}",285.0,0.0487,4.824000000000001,0.6
2400,-85.25226467168213,0.003213,85.24905167168212,0.0,142.0817527861369,0.0,142.1031727861369,142.1031727861369,0,"{'load': 1, 'battery': 1}",0,0.02142,0,0,0,0,0,"{'solar': 1, 'wind': 0, 'generator': 0}",285.0,0.0765,15.3,0.6
2401,-178.11307330588534,1.9784495437691358,176.1346237621162,0.0,293.5577062701937,0.0,293.5577062701937,293.5577062701937,0,"{'load': 1, 'battery': 1}",0,13.189148000000001,1,0,0,0,0,"{'solar': 1, 'wind': 0, 'generator': 0}",285.0,47.1041,1.836,0.6
2402,-78.55939189972622,27.326670000000004,51.23272189972622,0.0,85.38786983287704,0.0,267.56566983287706,267.56566983287706,0,"{'load': 1, 'battery': 1}",0,182.17780000000002,0,0,0,0,0,"{'solar': 1, 'wind': 0, 'generator': 0}",285.0,650.635,2.9160000000000004,0.6
2403,-154.34930883557575,18.453283799999998,135.89602503557575,0.0,226.49337505929293,0.0,349.5152670592929,349.5152670592929,0,"{'load': 1, 'battery': 1}",0,123.021892,0,0,0,0,0,"{'solar': 1, 'wind': 0, 'generator': 0}",285.0,439.3639,7.992000000000001,0.6
2404,-451.86089489999705,0.0025619999999999996,451.85833289999704,0.0,502.0648143333301,0.0,502.0818943333301,502.0818943333301,0,"{'load': 1, 'battery': 1}",0,0.017079999999999998,0,0,0,0,0,"{'solar': 1, 'wind': 0, 'generator': 0}",285.0,0.061,40.464,0.8999999999999999
2405,-161.59511503658035,0.0,161.59511503658035,0.0,269.3251917276339,0.0,269.3251917276339,269.3251917276339,0,"{'load': 1, 'battery': 1}",0,0.0,1,0,0,0,0,"{'solar': 0, 'wind': 0, 'generator': 0}",285.0,0.0487,14.832,0.6
2406,-81.15712009537326,0.0032760000000000003,81.15384409537326,0.0,135.2564068256221,0.0,135.2782468256221,135.2782468256221,0,"{'load': 1, 'battery': 1}",0,0.021840000000000002,0,0,0,0,0,"{'solar': 1, 'wind': 0, 'generator': 0}",285.0,0.078,15.371999999999998,0.6
2407,-176.74883281966862,0.2400426,176.5087902196686,0.0,294.181317032781,0.0,295.781601032781,295.781601032781,0,"{'load': 1, 'battery': 1}",0,1.600284,0,0,0,0,0,"{'solar': 1, 'wind': 0, 'generator': 0}",285.0,5.7153,14.508000000000001,0.6
2408,-177.92970219792176,24.802507207437035,153.12719499048472,0.0,255.2119916508079,0.0,255.2119916508079,255.2119916508079,0,"{'load': 1, 'battery': 1}",0,165.343584,1,0,0,0,0,"{'solar': 1, 'wind': 0, 'generator': 0}",285.0,590.5128,25.776,0.6
2409,-118.47107842749585,15.0638964,103.40718202749585,0.0,172.34530337915976,0.0,272.77127937915975,272.77127937915975,0,"{'load': 1, 'battery': 1}",0,100.425976,0,0,0,0,0,"{'solar': 1, 'wind': 0, 'generator': 0}",285.0,358.6642,5.148,0.6
2410,-434.7539922301381,0.0,434.7539922301381,0.0,483.0599913668202,0.0,483.0599913668202,483.0599913668202,0,"{'load': 1, 'battery': 1}",0,0.0,2,0,0,0,0,"{'solar': 0, 'wind': 0, 'generator': 0}",285.0,0.0239,39.744,0.8999999999999999
2411,-159.13569925115212,0.001428,159.13427125115211,0.0,265.2237854185869,0.0,265.2333054185869,265.2333054185869,0,"{'load': 1, 'battery': 1}",0,0.00952,0,0,0,0,0,"{'solar': 1, 'wind': 0, 'generator': 0}",285.0,0.034,0.396,0.6
2412,-125.85556215032524,0.0,125.85556215032524,0.0,209.75927025054207,0.0,209.75927025054207,209.75927025054207,0,"{'load': 1, 'battery': 1}",0,0.0,0,0,0,0,0,"{'solar': 0, 'wind': 0, 'generator': 0}",285.0,0.0062,6.048,0.6
2413,-243.35161502511176,0.0,243.35161502511176,0.0,405.58602504185296,0.0,405.58602504185296,405.58602504185296,0,"{'load': 1, 'battery': 1}",0,0.0,0,0,0,0,0,"{'solar': 0, 'wind': 0, 'generator': 0}",285.0,1.6215,19.332,0.6
2414,-128.77117327856402,21.360906000000004,107.410267278564,0.0,179.01711213094,0.0,321.42315213094,321.42315213094,0,"{'load': 1, 'battery': 1}",0,142.40604000000002,0,0,0,0,0,"{'solar': 1, 'wind': 0, 'generator': 0}",285.0,508.593,4.392,0.6
2415,-155.9789710506753,7.431921000000001,148.54705005067532,0.0,247.57841675112556,0.0,297.12455675112557,297.12455675112557,0,"{'load': 1, 'battery': 1}",0,49.54614000000001,0,0,0,0,0,"{'solar': 1, 'wind': 0, 'generator': 0}",285.0,176.9505,11.376000000000001,0.6
2416,-816.4463753666411,0.0017220673209876545,516.4446532993201,0.0,573.8273925548001,0.0,536.1997261310793,0.0,0,"{'load': 0, 'battery': 1}",0,0.011480000000000002,1,0,0,0,0,"{'solar': 1, 'wind': 0, 'generator': 0}",285.0,0.041,23.184,0.8999999999999999
2417,-200.7137059721403,0.0038975999999999993,200.7150051721403,0.0,334.52500862023385,0.0051968,334.52500862023385,334.52500862023385,0,"{'load': 1, 'battery': 1}",0,0.025983999999999997,2,0,0,0,0,"{'solar': 1, 'wind': 0, 'generator': 0}",285.0,0.0928,6.12,0.6
2418,-180.727955697635,0.0,180.727955697635,0.0,301.21325949605836,0.0,301.21325949605836,301.21325949605836,0,"{'load': 1, 'battery': 1}",0,0.0,1,0,0,0,0,"{'solar': 1, 'wind': 0, 'generator': 0}",285.0,0.0,2.52,0.6
2419,-287.754398959752,0.0,287.754398959752,0.0,479.59066493292,0.0,479.59066493292,479.59066493292,0,"{'load': 1, 'battery': 0}",0,0.0,1,0,0,0,0,"{'solar': 0, 'wind': 0, 'generator': 0}",285.0,0.3824,8.712,0.6
2420,-160.5688961149158,21.327343799999998,139.2415523149158,0.0,232.06925385819298,0.0,374.25154585819297,374.25154585819297,0,"{'load': 1, 'battery': 1}",0,142.182292,0,0,0,0,0,"{'solar': 1, 'wind': 0, 'generator': 0}",285.0,507.7939,6.408,0.6
2421,-135.13573693904766,17.9422362,117.19350073904766,0.0,195.32250123174612,0.0,314.93740923174613,314.93740923174613,0,"{'load': 1, 'battery': 1}",0,119.61490800000001,0,0,0,0,0,"{'solar': 1, 'wind': 0, 'generator': 0}",285.0,427.1961,25.992,0.6
2422,-485.2544515274074,0.0,485.2544515274074,0.0,539.1716128082305,0.0,539.1716128082305,539.1716128082305,0,"{'load': 1, 'battery': 1}",0,0.0,1,0,0,0,0,"{'solar': 0, 'wind': 0, 'generator': 0}",285.0,0.044,16.272,0.8999999999999999
2423,-195.43333295913297,0.0020454,195.43128755913298,0.0,325.71881259855496,0.0,325.732448598555,325.732448598555,0,"{'load': 1, 'battery': 1}",0,0.013636000000000002,0,0,0,0,0,"{'solar': 1, 'wind': 0, 'generator': 0}",285.0,0.0487,8.64,0.6
2424,-145.9280921318353,0.0,145.9280921318353,0.0,243.21348688639222,0.0,243.21348688639222,243.21348688639222,0,"{'load': 1, 'battery': 1}",0,0.0,0,0,0,0,0,"{'solar': 0, 'wind': 0, 'generator': 0}",285.0,0.0765,29.088,0.6
2425,-280.83766641777584,0.047224800000000004,280.85340801777585,0.0,468.08901336295975,0.06296640000000002,468.08901336295975,468.08901336295975,0,"{'load': 1, 'battery': 1}",0,0.31483200000000006,2,0,0,0,0,"{'solar': 1, 'wind': 0, 'generator': 0}",285.0,1.1244,20.52,0.6
2426,-158.9602827561359,24.025276799999997,134.9350059561359,0.0,224.89167659355988,0.0,385.0601885935599,385.0601885935599,0,"{'load': 1, 'battery': 1}",0,160.168512,0,0,0,0,0,"{'solar': 1, 'wind': 0, 'generator': 0}",285.0,572.0304,25.056,0.6
2427,-108.38505383688512,21.947041199999997,86.43801263688512,0.0,144.06335439480853,0.0,290.3769623948085,290.3769623948085,0,"{'load': 1, 'battery': 1}",0,146.313608,0,0,0,0,0,"{'solar': 1, 'wind': 0, 'generator': 0}",285.0,522.5486,21.564,0.6
2428,-475.28788770635435,0.0,475.28788770635435,0.0,528.0976530070604,0.0,528.0976530070604,528.0976530070604,0,"{'load': 1, 'battery': 0}",0,0.0,0,0,0,0,0,"{'solar': 0, 'wind': 0, 'generator': 0}",285.0,0.0031,19.98,0.8999999999999999
2429,-177.9455734280155,0.0009072000000000002,177.94587582801552,0.0,296.5764597133592,0.0012096000000000003,296.5764597133592,296.5764597133592,0,"{'load': 1, 'battery': 1}",0,0.006048000000000001,2,0,0,0,0,"{'solar': 1, 'wind': 0, 'generator': 0}",285.0,0.0216,4.212,0.6
2430,-111.0967589704944,0.0,111.0967589704944,0.0,185.161264950824,0.0,185.161264950824,185.161264950824,0,"{'load': 1, 'battery': 1}",0,0.0,0,0,0,0,0,"{'solar': 0, 'wind': 0, 'generator': 0}",285.0,0.0757,18.144000000000002,0.6
2431,-219.20183270480393,0.5559456,218.64588710480393,0.0,364.4098118413399,0.0,368.1161158413399,368.1161158413399,0,"{'load': 1, 'battery': 1}",0,3.7063040000000003,0,0,0,0,0,"{'solar': 1, 'wind': 0, 'generator': 0}",285.0,13.2368,6.6240000000000006,0.6
2432,-200.08255546466074,27.16754826427531,172.91500720038545,0.0,288.1916786673091,0.0,288.1916786673091,288.1916786673091,0,"{'load': 1, 'battery': 1}",0,181.10990800000002,1,0,0,0,0,"{'solar': 1, 'wind': 0, 'generator': 0}",285.0,646.8211,11.592,0.6
2433,-98.69962947626203,17.511677400000004,81.18795207626204,0.0,135.31325346043673,0.0,252.05776946043673,252.05776946043676,0,"{'load': 1, 'battery': 1}",0,116.74451600000002,0,0,0,0,0,"{'solar': 1, 'wind': 0, 'generator': 0}",285.0,416.9447,43.2,0.6
2434,-440.9953361299801,0.0159894,440.9793467299801,0.0,489.97705192220013,0.0,490.08364792220016,490.08364792220016,0,"{'load': 1, 'battery': 1}",0,0.10659600000000001,0,0,0,0,0,"{'solar': 1, 'wind': 0, 'generator': 0}",285.0,0.3807,23.364,0.8999999999999999
2435,-177.0737554203524,0.0,177.0737554203524,0.0,295.12292570058736,0.0,295.12292570058736,295.12292570058736,0,"{'load': 1, 'battery': 1}",0,0.0,1,0,0,0,0,"{'solar': 0, 'wind': 0, 'generator': 0}",285.0,0.1793,22.715999999999998,0.6
2436,-92.00487958200301,0.0,92.00487958200301,0.0,153.34146597000503,0.0,153.34146597000503,153.34146597000503,0,"{'load': 1, 'battery': 1}",0,0.0,0,0,0,0,0,"{'solar': 1, 'wind': 0, 'generator': 0}",285.0,0.0,22.824,0.6
2437,-218.08177934536687,2.661429843601235,215.42034950176563,0.0,359.03391583627604,0.0,359.03391583627604,359.03391583627604,0,"{'load': 1, 'battery': 1}",0,17.742172000000004,1,0,0,0,0,"{'solar': 1, 'wind': 0, 'generator': 0}",285.0,63.3649,1.8,0.6
2438,-86.93565938742535,18.7161786,68.21948078742534,0.0,113.6991346457089,0.0,238.4736586457089,238.4736586457089,0,"{'load': 1, 'battery': 1}",0,124.774524,0,0,0,0,0,"{'solar': 1, 'wind': 0, 'generator': 0}",285.0,445.6233,11.592,0.6
2439,-68.53807967196892,28.3024686,40.23561107196891,0.0,67.05935178661485,0.0,255.74247578661488,255.74247578661488,0,"{'load': 1, 'battery': 1}",0,188.68312400000002,0,0,0,0,0,"{'solar': 1, 'wind': 0, 'generator': 0}",285.0,673.8683,10.152,0.6
2440,-350.19057322164866,0.0783174,350.11225582164866,0.0,389.0136175796097,0.0,389.53573357960965,389.53573357960965,0,"{'load': 1, 'battery': 1}",0,0.522116,0,0,0,0,0,"{'solar': 1, 'wind': 0, 'generator': 0}",285.0,1.8647,28.152,0.8999999999999999
2441,-110.14694453881434,0.0,110.14694453881434,0.0,183.5782408980239,0.0,183.5782408980239,183.5782408980239,0,"{'load': 1, 'battery': 1}",0,0.0,0,0,0,0,0,"{'solar': 1, 'wind': 0, 'generator': 0}",285.0,0.0,19.836,0.6
2442,-83.60226546397267,0.0,83.60226546397267,0.0,139.3371091066211,0.0,139.3371091066211,139.3371091066211,0,"{'load': 1, 'battery': 1}",0,0.0,2,0,0,0,0,"{'solar': 1, 'wind': 0, 'generator': 0}",285.0,0.0,13.356,0.6
2443,-139.31058627867898,6.963201,132.34738527867898,0.0,220.57897546446497,0.0,267.00031546446496,267.00031546446496,0,"{'load': 1, 'battery': 1}",0,46.42134,0,0,0,0,0,"{'solar': 1, 'wind': 0, 'generator': 0}",285.0,165.7905,24.12,0.6
2444,-54.132299294204834,29.3276214,24.804677894204833,0.0,41.34112982367472,0.0,236.85860582367474,236.85860582367474,0,"{'load': 1, 'battery': 1}",0,195.51747600000002,0,0,0,0,0,"{'solar': 1, 'wind': 0, 'generator': 0}",285.0,698.2767,3.6,0.6
2445,-95.19223478681872,31.142836199999998,64.04939858681873,0.0,106.74899764469788,0.0,314.3679056446979,314.3679056446979,0,"{'load': 1, 'battery': 0}",0,207.618908,0,0,0,0,0,"{'solar': 1, 'wind': 0, 'generator': 0}",285.0,741.4961,17.568,0.6
2446,-407.7178322972426,0.7194684,406.9983638972426,0.0,452.2204043302696,0.0,457.0168603302696,457.0168603302696,0,"{'load': 1, 'battery': 1}",0,4.796456,0,0,0,0,0,"{'solar': 1, 'wind': 0, 'generator': 0}",285.0,17.1302,25.56,0.8999999999999999
2447,-117.49309178529845,0.0,117.49309178529845,0.0,195.8218196421641,0.0,195.8218196421641,195.8218196421641,0,"{'load': 1, 'battery': 1}",0,0.0,1,0,0,0,0,"{'solar': 0, 'wind': 0, 'generator': 0}",285.0,0.1004,3.24,0.6
2448,-85.05715308708658,0.0,85.05715308708658,0.0,141.76192181181096,0.0,141.76192181181096,141.76192181181096,0,"{'load': 1, 'battery': 0}",0,0.0,0,0,0,0,0,"{'solar': 1, 'wind': 0, 'generator': 0}",285.0,0.0,4.6080000000000005,0.6
2449,-158.1747250626503,0.0,158.1747250626503,0.0,263.62454177108384,0.0,263.62454177108384,263.62454177108384,0,"{'load': 1, 'battery': 1}",0,0.0,2,0,0,0,0,"{'solar': 0, 'wind': 0, 'generator': 0}",285.0,227.359,13.644,0.6
2450,-87.0944328344535,39.803735999999994,47.29069683445351,0.0,24.88984043918606,0.0,290.248080439186,290.248080439186,0,"{'load': 1, 'battery': 1}",0,265.35823999999997,0,0,0,0,0,"{'solar': 1, 'wind': 0, 'generator': 0}",285.0,947.708,5.688000000000001,1.9
2451,-645.5352519833856,29.477632800000002,616.0576191833856,0.0,176.01646262382445,0.0,372.5340146238245,372.5340146238245,0,"{'load': 1, 'battery': 1}",0,196.51755200000002,0,0,0,0,0,"{'solar': 1, 'wind': 0, 'generator': 0}",285.0,701.8484,17.388,3.5
2452,-944.4199520825945,0.0,944.4199520825945,0.0,497.06313267504976,0.0,497.06313267504976,497.06313267504976,0,"{'load': 1, 'battery': 1}",0,0.0,0,0,0,0,0,"{'solar': 0, 'wind': 0, 'generator': 0}",285.0,15.3886,21.6,1.9
2453,-138.46555390025586,0.0,138.46555390025586,0.0,230.77592316709308,0.0,230.77592316709308,230.77592316709308,0,"{'load': 1, 'battery': 1}",0,0.0,0,0,0,0,0,"{'solar': 0, 'wind': 0, 'generator': 0}",285.0,0.0943,9.18,0.6
2454,-92.04986454970431,0.0,92.04986454970431,0.0,153.41644091617385,0.0,153.41644091617385,153.41644091617385,0,"{'load': 1, 'battery': 1}",0,0.0,0,0,0,0,0,"{'solar': 0, 'wind': 0, 'generator': 0}",285.0,0.0,0.5040000000000001,0.6
2455,-131.22061047465309,11.8911618,119.3294486746531,0.0,198.88241445775517,0.0,278.1568264577552,278.1568264577552,0,"{'load': 1, 'battery': 1}",0,79.27441200000001,0,0,0,0,0,"{'solar': 1, 'wind': 0, 'generator': 0}",285.0,283.1229,3.6,0.6
2456,-148.06315751805957,38.423389199999995,109.63976831805957,0.0,57.70514122003135,0.0,313.8610692200313,313.8610692200313,0,"{'load': 1, 'battery': 1}",0,256.15592799999996,0,0,0,0,0,"{'solar': 1, 'wind': 0, 'generator': 0}",285.0,914.8426,12.420000000000002,1.9
2457,-827.774070682754,33.821906999999996,793.952163682754,0.0,226.8434753379297,0.0,452.3228553379297,452.3228553379297,0,"{'load': 1, 'battery': 1}",0,225.47938,0,0,0,0,0,"{'solar': 1, 'wind': 0, 'generator': 0}",285.0,805.2835,10.908,3.5
2458,-962.6798187476974,2.944851,959.7349677476974,0.0,505.12366723563025,0.0,524.7560072356302,524.7560072356302,0,"{'load': 1, 'battery': 1}",0,19.63234,0,0,0,0,0,"{'solar': 1, 'wind': 0, 'generator': 0}",285.0,70.1155,7.272,1.9
2459,-147.11678910999464,0.0,147.11678910999464,0.0,245.19464851665776,0.0,245.19464851665776,245.19464851665776,0,"{'load': 1, 'battery': 1}",0,0.0,0,0,0,0,0,"{'solar': 0, 'wind': 0, 'generator': 0}",285.0,0.0039,20.52,0.6
2460,-96.56622178855798,0.0,96.56622178855798,0.0,160.94370298092997,0.0,160.94370298092997,160.94370298092997,0,"{'load': 1, 'battery': 1}",0,0.0,0,0,0,0,0,"{'solar': 0, 'wind': 0, 'generator': 0}",285.0,0.1313,5.688000000000001,0.6
2461,-165.16149293194943,3.0032813999999997,166.16258673194943,0.0,276.9376445532491,4.0043752,276.9376445532491,276.9376445532491,0,"{'load': 1, 'battery': 1}",0,20.021876,2,0,0,0,0,"{'solar': 1, 'wind': 0, 'generator': 0}",285.0,71.5067,3.2760000000000002,0.6
2462,-769.3958013228654,38.041928777758024,731.3538725451074,0.0,384.9230908132144,0.0,384.9230908132144,384.9230908132144,0,"{'load': 1, 'battery': 1}",0,253.602944,1,0,0,0,0,"{'solar': 1, 'wind': 0, 'generator': 0}",285.0,905.7248,0.36000000000000004,1.9
2463,-1847.793928319843,34.316688,1859.232824319843,0.0,531.209378377098,45.755584,531.209378377098,531.209378377098,0,"{'load': 1, 'battery': 1}",0,228.77792,2,0,0,0,0,"{'solar': 1, 'wind': 0, 'generator': 0}",285.0,817.064,1.9440000000000002,3.5
2464,-1068.2895814752756,2.8116606,1065.4779208752755,0.0,560.7778530922502,0.0,579.5222570922502,579.5222570922502,0,"{'load': 1, 'battery': 0}",0,18.744404000000003,0,0,0,0,0,"{'solar': 1, 'wind': 0, 'generator': 0}",285.0,66.9443,7.5600000000000005,1.9
2465,-167.14037501896564,0.0014615999999999997,167.14086221896565,0.0,278.5681036982761,0.0019487999999999999,278.5681036982761,278.5681036982761,0,"{'load': 1, 'battery': 1}",0,0.009744,2,0,0,0,0,"{'solar': 1, 'wind': 0, 'generator': 0}",285.0,0.0348,19.656,0.6
2466,-107.31096602634906,0.0,107.31096602634906,0.0,178.85161004391512,0.0,178.85161004391512,178.85161004391512,0,"{'load': 1, 'battery': 1}",0,0.0,0,0,0,0,0,"{'solar': 0, 'wind': 0, 'generator': 0}",285.0,0.0124,7.128,0.6
2467,-176.43468200851325,2.7895686000000004,173.64511340851325,0.0,289.4085223475221,0.0,308.0056463475221,308.0056463475221,0,"{'load': 1, 'battery': 1}",0,18.597124000000004,0,0,0,0,0,"{'solar': 1, 'wind': 0, 'generator': 0}",285.0,66.4183,18.791999999999998,0.6
2468,-284.39288250793913,37.74667260000001,246.64620990793915,0.0,129.81379468838904,0.0,381.4582786883891,381.4582786883891,0,"{'load': 1, 'battery': 1}",0,251.64448400000006,0,0,0,0,0,"{'solar': 1, 'wind': 0, 'generator': 0}",285.0,898.7303,8.64,1.9
2469,-1876.7601428709208,0.0,1876.7601428709208,0.0,536.217183677406,0.0,536.217183677406,536.217183677406,0,"{'load': 1, 'battery': 1}",0,0.0,0,0,0,0,0,"{'solar': 0, 'wind': 0, 'generator': 0}",285.0,659.8548,2.592,3.5
2470,-1127.9727579682972,1.3757142,1126.5970437682972,0.0,592.9458125096302,0.0,602.1172405096302,602.1172405096302,0,"{'load': 1, 'battery': 1}",0,9.171428,0,0,0,0,0,"{'solar': 1, 'wind': 0, 'generator': 0}",285.0,32.7551,18.503999999999998,1.9
2471,-166.37256651780527,0.0,166.37256651780527,0.0,277.2876108630088,0.0,277.2876108630088,277.2876108630088,0,"{'load': 1, 'battery': 1}",0,0.0,0,0,0,0,0,"{'solar': 0, 'wind': 0, 'generator': 0}",285.0,0.0603,12.78,0.6
2472,-96.57811262390999,0.0009408000000000001,96.57717182390999,0.0,160.96195303985,0.0,160.96822503984998,160.96822503984998,0,"{'load': 1, 'battery': 1}",0,0.006272000000000001,0,0,0,0,0,"{'solar': 1, 'wind': 0, 'generator': 0}",285.0,0.0224,14.292000000000002,0.6
2473,-123.1349086510222,2.553138,120.5817706510222,0.0,200.96961775170368,0.0,217.99053775170367,217.99053775170367,0,"{'load': 1, 'battery': 1}",0,17.02092,0,0,0,0,0,"{'solar': 1, 'wind': 0, 'generator': 0}",285.0,60.789,11.484,0.6
2474,-289.34298536542696,36.3567666,252.98621876542697,0.0,133.1506414554879,0.0,358.60338681649876,512.3784440000001,1,"{'load': 1, 'battery': 0}",1,242.37844400000003,0,0,0,0,0,"{'solar': 1, 'wind': 0, 'generator': 0}",15.0,865.6373,30.96,1.9
2475,-1263.152075796383,29.337676200000004,1233.814399596383,0.0,352.5183998846809,0.0,548.1029078846809,548.1029078846809,0,"{'load': 1, 'battery': 1}",0,195.58450800000003,0,0,0,0,0,"{'solar': 1, 'wind': 0, 'generator': 0}",285.0,698.5161,27.612000000000002,3.5
2476,-1098.6458601612208,0.1680042,1098.4778559612207,0.0,578.1462399795898,0.0,579.2662679795899,579.2662679795899,0,"{'load': 1, 'battery': 0}",0,1.120028,0,0,0,0,0,"{'solar': 1, 'wind': 0, 'generator': 0}",285.0,4.0001,21.240000000000002,1.9
2477,-161.56763261931363,0.0,161.56763261931363,0.0,269.27938769885606,0.0,269.27938769885606,269.27938769885606,0,"{'load': 1, 'battery': 1}",0,0.0,0,0,0,0,0,"{'solar': 0, 'wind': 0, 'generator': 0}",285.0,0.0371,12.6,0.6
2478,-99.67849862166237,0.0039607548382716035,99.6745378668241,0.0,166.12422977804016,0.0,166.12422977804016,166.12422977804016,0,"{'load': 1, 'battery': 0}",0,0.026403999999999997,1,0,0,0,0,"{'solar': 1, 'wind': 0, 'generator': 0}",285.0,0.0943,2.088,0.6
2479,-175.85291913717708,5.1543702,177.5710425371771,0.0,295.95173756196186,6.8724936,295.95173756196186,295.95173756196186,0,"{'load': 1, 'battery': 1}",0,34.362468,2,0,0,0,0,"{'solar': 1, 'wind': 0, 'generator': 0}",285.0,122.7231,11.268,0.6
2480,-262.2166565125483,32.4230802,229.79357631254828,0.0,120.94398753292015,0.0,337.09785553292016,337.09785553292016,0,"{'load': 1, 'battery': 1}",0,216.15386800000002,0,0,0,0,0,"{'solar': 1, 'wind': 0, 'generator': 0}",285.0,771.9781,13.212,1.9
2481,-1054.428660256848,25.742404800000003,1028.686255456848,0.0,293.91035870195657,0.0,465.5263907019566,465.5263907019566,0,"{'load': 1, 'battery': 1}",0,171.61603200000002,0,0,0,0,0,"{'solar': 1, 'wind': 0, 'generator': 0}",285.0,612.9144,15.156,3.5
2482,-1062.978459660496,0.0028223999999999996,1062.979400460496,0.0,559.4628423476295,0.0037632,559.4628423476295,559.4628423476295,0,"{'load': 1, 'battery': 1}",0,0.018816,2,0,0,0,0,"{'solar': 1, 'wind': 0, 'generator': 0}",285.0,0.0672,3.204,1.9
2483,-130.5963180016728,0.002788909027160494,130.59352909264564,0.0,217.6558818210761,0.0,217.6558818210761,217.6558818210761,0,"{'load': 1, 'battery': 1}",0,0.018592,1,0,0,0,0,"{'solar': 1, 'wind': 0, 'generator': 0}",285.0,0.0664,15.947999999999999,0.6
2484,-91.66033821015772,0.0023351999999999995,91.65800301015771,0.0,152.76333835026287,0.0,152.77890635026287,152.77890635026287,0,"{'load': 1, 'battery': 1}",0,0.015567999999999999,0,0,0,0,0,"{'solar': 1, 'wind': 0, 'generator': 0}",285.0,0.0556,12.816,0.6
2485,-181.77405598216788,0.0,181.77405598216788,0.0,302.9567599702798,0.0,302.9567599702798,302.9567599702798,0,"{'load': 1, 'battery': 1}",0,0.0,0,0,0,0,0,"{'solar': 0, 'wind': 0, 'generator': 0}",285.0,40.9305,1.836,0.6
2486,-203.20503909909928,29.140844206574073,174.0641948925252,0.0,290.106991487542,0.0,290.106991487542,290.106991487542,0,"{'load': 1, 'battery': 1}",0,194.2647,1,0,0,0,0,"{'solar': 1, 'wind': 0, 'generator': 0}",285.0,693.8025,7.704000000000001,0.6
2487,-233.8015871300879,0.0,233.8015871300879,0.0,389.66931188347985,0.0,389.66931188347985,389.66931188347985,0,"{'load': 1, 'battery': 1}",0,0.0,0,0,0,0,0,"{'solar': 0, 'wind': 0, 'generator': 0}",285.0,311.0999,5.688000000000001,0.6
2488,-443.97334482362083,0.0,443.97334482362083,0.0,493.3037164706899,0.0,493.3037164706899,493.3037164706899,0,"{'load': 1, 'battery': 1}",0,0.0,0,0,0,0,0,"{'solar': 0, 'wind': 0, 'generator': 0}",285.0,0.0317,10.836,0.8999999999999999
2489,-118.8082088154612,0.0,118.8082088154612,0.0,198.013681359102,0.0,198.013681359102,198.013681359102,0,"{'load': 1, 'battery': 1}",0,0.0,0,0,0,0,0,"{'solar': 0, 'wind': 0, 'generator': 0}",285.0,0.0819,4.032000000000001,0.6
2490,-83.11821079279017,0.0,83.11821079279017,0.0,138.53035132131694,0.0,138.53035132131694,138.53035132131694,0,"{'load': 1, 'battery': 0}",0,0.0,0,0,0,0,0,"{'solar': 0, 'wind': 0, 'generator': 0}",285.0,0.0889,18.791999999999998,0.6
2491,-186.72127471694645,0.0,186.72127471694645,0.0,311.2021245282441,0.0,311.2021245282441,311.2021245282441,0,"{'load': 1, 'battery': 1}",0,0.0,0,0,0,0,0,"{'solar': 0, 'wind': 0, 'generator': 0}",285.0,29.7942,0.0,0.6
2492,-89.49233450963881,25.7340132,63.75832130963881,0.0,106.26386884939802,0.0,277.82395684939803,277.82395684939803,0,"{'load': 1, 'battery': 0}",0,171.560088,0,0,0,0,0,"{'solar': 1, 'wind': 0, 'generator': 0}",285.0,612.7146,7.308,0.6
2493,-119.85730250709071,16.0307994,103.8265031070907,0.0,173.04417184515117,0.0,279.91616784515116,279.91616784515116,0,"{'load': 1, 'battery': 1}",0,106.871996,0,0,0,0,0,"{'solar': 1, 'wind': 0, 'generator': 0}",285.0,381.6857,66.744,0.6
2494,-454.29856994589244,0.0,454.29856994589244,0.0,504.7761888287694,0.0,504.7761888287694,504.7761888287694,0,"{'load': 1, 'battery': 1}",0,0.0,0,0,0,0,0,"{'solar': 0, 'wind': 0, 'generator': 0}",285.0,0.0664,13.284,0.8999999999999999
2495,-154.164888837399,0.0,154.164888837399,0.0,256.941481395665,0.0,256.941481395665,256.941481395665,0,"{'load': 1, 'battery': 1}",0,0.0,0,0,0,0,0,"{'solar': 0, 'wind': 0, 'generator': 0}",285.0,0.0525,9.0,0.6
2496,-81.14618906702765,0.0025326,81.14365646702765,0.0,135.2394274450461,0.0,135.2563114450461,135.2563114450461,0,"{'load': 1, 'battery': 1}",0,0.016884,0,0,0,0,0,"{'solar': 1, 'wind': 0, 'generator': 0}",285.0,0.0603,38.7,0.6
2497,-184.82163025156493,0.0779184,184.74371185156494,0.0,307.9061864192749,0.0,308.4256424192749,308.4256424192749,0,"{'load': 1, 'battery': 1}",0,0.519456,0,0,0,0,0,"{'solar': 1, 'wind': 0, 'generator': 0}",285.0,1.8552,6.8759999999999994,0.6
2498,-149.55227826531578,5.628096599999999,151.42831046531577,0.0,252.38051744219297,7.5041288,252.38051744219297,252.38051744219297,0,"{'load': 1, 'battery': 1}",0,37.520644,2,0,0,0,0,"{'solar': 1, 'wind': 0, 'generator': 0}",285.0,134.0023,11.520000000000001,0.6
2499,-181.6366214309101,0.0,181.6366214309101,0.0,302.7277023848502,0.0,302.7277023848502,302.7277023848502,0,"{'load': 1, 'battery': 0}",0,0.0,0,0,0,0,0,"{'solar': 0, 'wind': 0, 'generator': 0}",285.0,256.7014,15.984000000000002,0.6
2500,-473.3626991655784,0.0,473.3626991655784,0.0,525.9585546284205,0.0,525.9585546284205,525.9585546284205,0,"{'load': 1, 'battery': 1}",0,0.0,0,0,0,0,0,"{'solar': 0, 'wind': 0, 'generator': 0}",285.0,0.0209,20.304,0.8999999999999999
2501,-191.094247064858,0.0024654000000000004,191.09506886485798,0.0,318.49178144142996,0.0032872000000000005,318.49178144142996,318.49178144142996,0,"{'load': 1, 'battery': 1}",0,0.016436000000000003,2,0,0,0,0,"{'solar': 1, 'wind': 0, 'generator': 0}",285.0,0.0587,8.604000000000001,0.6
2502,-146.15103945098508,0.0033139295518518513,146.14772552143322,0.0,243.57954253572203,0.0,243.57954253572203,243.57954253572203,0,"{'load': 1, 'battery': 1}",0,0.022091999999999997,1,0,0,0,0,"{'solar': 1, 'wind': 0, 'generator': 0}",285.0,0.0789,14.544,0.6
2503,-287.7201770499995,0.05885460000000001,287.6613224499995,0.0,479.43553741666585,0.0,479.82790141666584,479.82790141666584,0,"{'load': 1, 'battery': 1}",0,0.39236400000000005,0,0,0,0,0,"{'solar': 1, 'wind': 0, 'generator': 0}",285.0,1.4013,11.088000000000001,0.6
2504,-181.73896753830203,19.87884792622469,161.86011961207734,0.0,269.76686602012893,0.0,269.76686602012893,269.76686602012893,0,"{'load': 1, 'battery': 1}",0,132.520472,1,0,0,0,0,"{'solar': 1, 'wind': 0, 'generator': 0}",285.0,473.2874,15.192,0.6
2505,-134.11257096761577,16.2114036,117.90116736761577,0.0,196.50194561269296,0.0,304.577969612693,304.577969612693,0,"{'load': 1, 'battery': 1}",0,108.076024,0,0,0,0,0,"{'solar': 1, 'wind': 0, 'generator': 0}",285.0,385.9858,20.88,0.6
2506,-496.7424819632486,0.002045479964197531,496.74043648328444,0.0,551.9338183147605,0.0,551.9338183147605,551.9338183147605,0,"{'load': 1, 'battery': 1}",0,0.013636000000000002,1,0,0,0,0,"{'solar': 1, 'wind': 0, 'generator': 0}",285.0,0.0487,14.76,0.8999999999999999
2507,-203.02099515650644,0.0019152,203.01907995650643,0.0,338.36513326084406,0.0,338.37790126084406,338.37790126084406,0,"{'load': 1, 'battery': 1}",0,0.012768,0,0,0,0,0,"{'solar': 1, 'wind': 0, 'generator': 0}",285.0,0.0456,19.404,0.6
2508,-161.98631388068563,0.0006510254506172839,161.985662855235,0.0,269.976104758725,0.0,269.976104758725,269.976104758725,0,"{'load': 1, 'battery': 0}",0,0.00434,1,0,0,0,0,"{'solar': 1, 'wind': 0, 'generator': 0}",285.0,0.0155,27.072,0.6
2509,-312.48978698711346,0.05786566214938272,312.4319213249641,0.0,520.7198688749402,0.0,520.7198688749402,520.7198688749402,0,"{'load': 1, 'battery': 1}",0,0.38575600000000004,1,0,0,0,0,"{'solar': 1, 'wind': 0, 'generator': 0}",285.0,1.3777,13.104000000000001,0.6
2510,-152.71880551454694,9.817285799999999,142.90151971454694,0.0,238.1691995242449,0.0,303.6177715242449,303.6177715242449,0,"{'load': 1, 'battery': 1}",0,65.448572,0,0,0,0,0,"{'solar': 1, 'wind': 0, 'generator': 0}",285.0,233.7449,24.804,0.6
2511,-166.7700791444917,0.0,166.7700791444917,0.0,277.95013190748614,0.0,277.95013190748614,277.95013190748614,0,"{'load': 1, 'battery': 1}",0,0.0,0,0,0,0,0,"{'solar': 0, 'wind': 0, 'generator': 0}",285.0,468.5997,15.947999999999999,0.6
2512,-480.07209940850316,0.0030829205209876548,480.0690164879822,0.0,533.4100183199803,0.0,533.4100183199803,533.4100183199803,0,"{'load': 1, 'battery': 1}",0,0.020552000000000004,1,0,0,0,0,"{'solar': 1, 'wind': 0, 'generator': 0}",285.0,0.0734,53.496,0.8999999999999999
2513,-233.530767298045,0.0014615999999999997,233.529305698045,0.0,389.2155094967417,0.0,389.2252534967417,389.2252534967417,0,"{'load': 1, 'battery': 1}",0,0.009744,0,0,0,0,0,"{'solar': 1, 'wind': 0, 'generator': 0}",285.0,0.0348,47.519999999999996,0.6
2514,-134.53329487550272,0.0018186,134.5314762755027,0.0,224.21912712583787,0.0,224.23125112583787,224.23125112583787,0,"{'load': 1, 'battery': 1}",0,0.012124000000000001,0,0,0,0,0,"{'solar': 1, 'wind': 0, 'generator': 0}",285.0,0.0433,17.352,0.6
2515,-284.12366206192127,0.0015833333333333333,284.12207872858795,270.0,203.53679788097992,0.0,473.5367978809799,473.5367978809799,1,"{'load': 1, 'battery': 1}",1,0.0,0,0,0,0,0,"{'solar': 0, 'wind': 0, 'generator': 0}",285.0,3.4531,9.9,0.6
2516,-103.46773791177904,25.683991199999998,77.78374671177905,0.0,129.6395778529651,0.0,300.8661858529651,300.8661858529651,0,"{'load': 1, 'battery': 1}",0,171.226608,0,0,0,0,0,"{'solar': 1, 'wind': 0, 'generator': 0}",285.0,611.5236,40.14,0.6
2517,-86.62003298431867,24.5916342,62.02839878431866,0.0,103.38066464053111,0.0,267.3248926405311,267.3248926405311,0,"{'load': 1, 'battery': 1}",0,163.944228,0,0,0,0,0,"{'solar': 1, 'wind': 0, 'generator': 0}",285.0,585.5151,8.712,0.6
2518,-483.6360357348302,0.0021084,483.6367385348302,0.0,537.3741539275892,0.0028112000000000002,537.3741539275892,537.3741539275892,0,"{'load': 1, 'battery': 1}",0,0.014056,2,0,0,0,0,"{'solar': 1, 'wind': 0, 'generator': 0}",285.0,0.0502,5.9399999999999995,0.8999999999999999
2519,-186.91696258630859,0.0015833333333333333,186.91537925297524,270.0,41.52563208829207,0.0,311.52563208829207,311.52563208829207,1,"{'load': 1, 'battery': 1}",1,0.0,2,0,0,0,0,"{'solar': 0, 'wind': 0, 'generator': 0}",285.0,0.0425,14.004000000000001,0.6
2520,-258.57053896233333,0.0020033333333333335,258.569095629,270.0,160.94849271500007,0.0005600000000000001,163.72729018485194,270.0,1,"{'load': 1, 'battery': 1}",1,0.0028000000000000004,2,0,0,0,0,"{'solar': 1, 'wind': 0, 'generator': 0}",285.0,0.01,14.904,0.6
2521,-262.8437620708537,0.0,262.8437620708537,0.0,438.07293678475617,0.0,438.07293678475617,438.07293678475617,0,"{'load': 1, 'battery': 1}",0,0.0,1,0,0,0,0,"{'solar': 0, 'wind': 0, 'generator': 0}",285.0,29.779,15.588000000000001,0.6
2522,-52.177598371567626,31.3767216,20.800876771567623,0.0,34.66812795261271,0.0,243.8462719526127,243.8462719526127,0,"{'load': 1, 'battery': 1}",0,209.178144,0,0,0,0,0,"{'solar': 1, 'wind': 0, 'generator': 0}",285.0,747.0648,5.760000000000001,0.6
2523,-69.56860144901539,28.019598600000005,41.54900284901539,0.0,69.24833808169231,0.0,256.04566208169234,256.04566208169234,0,"{'load': 1, 'battery': 1}",0,186.79732400000003,0,0,0,0,0,"{'solar': 1, 'wind': 0, 'generator': 0}",285.0,667.1333,22.824,0.6
2524,-412.3973796999568,0.0270144,412.3703652999568,0.0,458.1892947777298,0.0,458.3693907777298,458.3693907777298,0,"{'load': 1, 'battery': 1}",0,0.180096,0,0,0,0,0,"{'solar': 1, 'wind': 0, 'generator': 0}",285.0,0.6432,9.432,0.8999999999999999
2525,-181.3973569711448,0.002793,181.3945639711448,0.0,302.32427328524136,0.0,302.34289328524136,302.34289328524136,0,"{'load': 1, 'battery': 1}",0,0.01862,0,0,0,0,0,"{'solar': 1, 'wind': 0, 'generator': 0}",285.0,0.0665,14.868,0.6
2526,-94.16462593612916,0.0,94.16462593612916,0.0,156.94104322688193,0.0,156.94104322688193,156.94104322688193,0,"{'load': 1, 'battery': 1}",0,0.0,2,0,0,0,0,"{'solar': 0, 'wind': 0, 'generator': 0}",285.0,0.0,18.936,0.6
2527,-152.72804481027836,3.2436431999999997,149.48440161027835,0.0,249.14066935046392,0.0,270.76495735046393,270.76495735046393,0,"{'load': 1, 'battery': 1}",0,21.624288,0,0,0,0,0,"{'solar': 1, 'wind': 0, 'generator': 0}",285.0,77.2296,13.895999999999999,0.6
2528,-43.65478226313203,35.146146,8.508636263132024,0.0,14.181060438553374,0.0,248.4887004385534,248.4887004385534,0,"{'load': 1, 'battery': 1}",0,234.30764000000002,0,0,0,0,0,"{'solar': 1, 'wind': 0, 'generator': 0}",285.0,836.813,11.196,0.6
2529,-79.47139348321201,30.004430400000004,49.466963083212015,0.0,82.44493847202003,0.0,282.47447447202006,282.47447447202006,0,"{'load': 1, 'battery': 1}",0,200.02953600000004,0,0,0,0,0,"{'solar': 1, 'wind': 0, 'generator': 0}",285.0,714.3912,14.76,0.6
2530,-415.06053872502065,0.2708853897555556,414.7896533352651,0.0,460.87739259473904,0.0,460.87739259473904,460.87739259473904,0,"{'load': 1, 'battery': 1}",0,1.805832,1,0,0,0,0,"{'solar': 1, 'wind': 0, 'generator': 0}",285.0,6.4494,23.003999999999998,0.8999999999999999
2531,-114.28788908709355,0.0,114.28788908709355,0.0,190.47981514515592,0.0,190.47981514515592,190.47981514515592,0,"{'load': 1, 'battery': 1}",0,0.0,2,0,0,0,0,"{'solar': 0, 'wind': 0, 'generator': 0}",285.0,0.0,18.036,0.6
2532,-84.37054603733222,0.0,84.37054603733222,0.0,140.61757672888703,0.0,140.61757672888703,140.61757672888703,0,"{'load': 1, 'battery': 1}",0,0.0,2,0,0,0,0,"{'solar': 0, 'wind': 0, 'generator': 0}",285.0,0.0,4.212,0.6
2533,-164.78903269387587,9.164395800000001,167.84383129387587,0.0,279.73971882312645,12.219194400000003,279.73971882312645,279.73971882312645,0,"{'load': 1, 'battery': 1}",0,61.09597200000001,2,0,0,0,0,"{'solar': 1, 'wind': 0, 'generator': 0}",285.0,218.1999,3.6,0.6
2534,-166.32815777955204,39.843031200000006,126.48512657955204,0.0,66.57111925239582,0.0,250.91798019005785,265.62020800000005,0,"{'load': 1, 'battery': 1}",0,265.62020800000005,0,0,0,0,0,"{'solar': 1, 'wind': 0, 'generator': 0}",285.0,948.6436,9.972,1.9
2535,-596.7326815436459,31.569753599999995,565.1629279436459,0.0,161.4751222696131,0.0,371.9401462696131,371.9401462696131,0,"{'load': 1, 'battery': 1}",0,210.46502399999997,0,0,0,0,0,"{'solar': 1, 'wind': 0, 'generator': 0}",285.0,751.6608,8.64,3.5
2536,-887.9432483399329,1.3095641999999998,886.6336841399329,0.0,466.64930744207,0.0,475.37973544207,475.37973544207,0,"{'load': 1, 'battery': 1}",0,8.730428,0,0,0,0,0,"{'solar': 1, 'wind': 0, 'generator': 0}",285.0,31.1801,10.44,1.9
2537,-129.51672931581848,0.0,129.51672931581848,0.0,215.86121552636413,0.0,215.86121552636413,215.86121552636413,0,"{'load': 1, 'battery': 1}",0,0.0,0,0,0,0,0,"{'solar': 0, 'wind': 0, 'generator': 0}",285.0,0.0162,19.476000000000003,0.6
2538,-87.3067864628796,0.0078246,87.3093946628796,0.0,145.515657771466,0.0104328,145.515657771466,145.515657771466,0,"{'load': 1, 'battery': 1}",0,0.052164,2,0,0,0,0,"{'solar': 1, 'wind': 0, 'generator': 0}",285.0,0.1863,18.144000000000002,0.6
2539,-319.48642143060334,1.4533302000000001,318.03309123060336,270.0,260.0551520510056,0.0,269.74402005100563,269.74402005100563,0,"{'load': 1, 'battery': 0}",0,9.688868000000001,0,0,0,0,0,"{'solar': 1, 'wind': 0, 'generator': 0}",285.0,34.6031,8.784,0.6
2540,-416.9234538270847,38.7841986,378.1392552270847,0.0,199.02066064583406,0.0,214.58741950025797,258.561324,0,"{'load': 1, 'battery': 1}",0,258.561324,0,0,0,0,0,"{'solar': 1, 'wind': 0, 'generator': 0}",285.0,923.4333,6.12,1.9
2541,-731.8044799381339,33.5909322,698.2135477381339,0.0,199.48958506803825,0.0,423.42913306803825,423.42913306803825,0,"{'load': 1, 'battery': 1}",0,223.939548,0,0,0,0,0,"{'solar': 1, 'wind': 0, 'generator': 0}",285.0,799.7841,26.712,3.5
2542,-939.9850602781362,0.8482445999999999,939.1368156781361,0.0,494.2825345674401,0.0,499.9374985674401,499.9374985674401,0,"{'load': 1, 'battery': 1}",0,5.654964,0,0,0,0,0,"{'solar': 1, 'wind': 0, 'generator': 0}",285.0,20.1963,13.32,1.9
2543,-138.42626801309703,0.0,138.42626801309703,0.0,230.71044668849507,0.0,230.71044668849507,230.71044668849507,0,"{'load': 1, 'battery': 1}",0,0.0,0,0,0,0,0,"{'solar': 0, 'wind': 0, 'generator': 0}",285.0,0.051,5.58,0.6
2544,-92.96550746921515,0.0,92.96550746921515,0.0,154.94251244869193,0.0,154.94251244869193,154.94251244869193,0,"{'load': 1, 'battery': 1}",0,0.0,1,0,0,0,0,"{'solar': 1, 'wind': 0, 'generator': 0}",285.0,0.0,8.928,0.6
2545,-144.85948189896303,8.777613599999999,136.08186829896303,0.0,226.80311383160506,0.0,285.32053783160507,285.32053783160507,0,"{'load': 1, 'battery': 0}",0,58.517424,0,0,0,0,0,"{'solar': 1, 'wind': 0, 'generator': 0}",285.0,208.9908,11.268,0.6
2546,-185.49504420485061,38.333631000000004,147.16141320485062,0.0,77.45337537097402,0.0,333.01091537097403,333.01091537097403,0,"{'load': 1, 'battery': 1}",0,255.55754000000002,0,0,0,0,0,"{'solar': 1, 'wind': 0, 'generator': 0}",285.0,912.7055,6.156,1.9
2547,-1680.9190442383403,32.4540552,1691.7370626383404,0.0,483.3534464680972,43.272073600000006,483.3534464680972,483.3534464680972,0,"{'load': 1, 'battery': 1}",0,216.36036800000002,2,0,0,0,0,"{'solar': 1, 'wind': 0, 'generator': 0}",285.0,772.7156,2.4120000000000004,3.5
2548,-1035.7088817679592,0.0,1035.7088817679592,0.0,545.1099377726101,0.0,545.1099377726101,545.1099377726101,0,"{'load': 1, 'battery': 1}",0,0.0,0,0,0,0,0,"{'solar': 0, 'wind': 0, 'generator': 0}",285.0,53.6619,2.8080000000000003,1.9
2549,-161.9719231390944,0.0,161.9719231390944,0.0,269.95320523182403,0.0,269.95320523182403,269.95320523182403,0,"{'load': 1, 'battery': 1}",0,0.0,1,0,0,0,0,"{'solar': 0, 'wind': 0, 'generator': 0}",285.0,0.0193,14.508000000000001,0.6
2550,-107.92470001813935,0.0016884660074074074,107.92301155213194,0.0,179.8716859202199,0.0,179.8716859202199,179.8716859202199,0,"{'load': 1, 'battery': 1}",0,0.011256,1,0,0,0,0,"{'solar': 1, 'wind': 0, 'generator': 0}",285.0,0.0402,4.752000000000001,0.6
2551,-179.9669502727457,0.0,179.9669502727457,0.0,299.94491712124284,0.0,299.94491712124284,299.94491712124284,0,"{'load': 1, 'battery': 1}",0,0.0,0,0,0,0,0,"{'solar': 0, 'wind': 0, 'generator': 0}",285.0,101.5396,1.512,0.6
2552,-451.3826985499683,23.7871872,427.5955113499683,0.0,225.0502691315623,0.0,383.6315171315623,383.6315171315623,0,"{'load': 1, 'battery': 1}",0,158.58124800000002,0,0,0,0,0,"{'solar': 1, 'wind': 0, 'generator': 0}",285.0,566.3616,9.828,1.9
2553,-1156.1442357160076,32.6828124,1123.4614233160075,0.0,320.98897809028784,0.0,538.8743940902879,538.8743940902879,0,"{'load': 1, 'battery': 1}",0,217.88541600000002,0,0,0,0,0,"{'solar': 1, 'wind': 0, 'generator': 0}",285.0,778.1622,13.572000000000001,3.5
2554,-1069.8811510626308,2.3880234,1067.4931276626307,0.0,561.8384882434899,0.0,577.7586442434899,577.7586442434899,0,"{'load': 1, 'battery': 1}",0,15.920156,0,0,0,0,0,"{'solar': 1, 'wind': 0, 'generator': 0}",285.0,56.8577,20.232,1.9
2555,-167.9712010370459,0.0,167.9712010370459,0.0,279.9520017284098,0.0,279.9520017284098,279.9520017284098,0,"{'load': 1, 'battery': 1}",0,0.0,0,0,0,0,0,"{'solar': 0, 'wind': 0, 'generator': 0}",285.0,0.0239,4.788,0.6
2556,-106.71388923668222,0.0,106.71388923668222,0.0,177.85648206113703,0.0,177.85648206113703,177.85648206113703,0,"{'load': 1, 'battery': 1}",0,0.0,0,0,0,0,0,"{'solar': 0, 'wind': 0, 'generator': 0}",285.0,0.0958,6.5520000000000005,0.6
2557,-182.50382992055845,2.4862866,183.33259212055845,0.0,305.55432020093076,3.3150488000000005,305.55432020093076,305.55432020093076,0,"{'load': 1, 'battery': 1}",0,16.575244,2,0,0,0,0,"{'solar': 1, 'wind': 0, 'generator': 0}",285.0,59.1973,0.36000000000000004,0.6
2558,-307.9836941592156,35.564046000000005,272.41964815921557,0.0,143.37876218906084,0.0,380.47240218906086,380.47240218906086,0,"{'load': 1, 'battery': 1}",0,237.09364000000002,0,0,0,0,0,"{'solar': 1, 'wind': 0, 'generator': 0}",285.0,846.763,11.484,1.9
2559,-890.3088691088932,30.9341424,859.3747267088931,0.0,245.5356362025409,0.0,451.7632522025409,451.7632522025409,0,"{'load': 1, 'battery': 0}",0,206.227616,0,0,0,0,0,"{'solar': 1, 'wind': 0, 'generator': 0}",285.0,736.5272,21.240000000000002,3.5
2560,-1134.6601917902537,0.0,1134.6601917902537,0.0,597.1895746264494,0.0,597.1895746264494,597.1895746264494,0,"{'load': 1, 'battery': 1}",0,0.0,2,0,0,0,0,"{'solar': 0, 'wind': 0, 'generator': 0}",285.0,14.9256,5.148,1.9
2561,-158.48204550983868,0.0,158.48204550983868,0.0,264.1367425163978,0.0,264.1367425163978,264.1367425163978,0,"{'load': 1, 'battery': 1}",0,0.0,1,0,0,0,0,"{'solar': 0, 'wind': 0, 'generator': 0}",285.0,0.0286,6.444,0.6
2562,-104.34955646729955,0.0,104.34955646729955,0.0,173.91592744549925,0.0,173.91592744549925,173.91592744549925,0,"{'load': 1, 'battery': 1}",0,0.0,1,0,0,0,0,"{'solar': 0, 'wind': 0, 'generator': 0}",285.0,0.0417,6.84,0.6
2563,-184.79981675680645,0.0,184.79981675680645,0.0,307.9996945946774,0.0,307.9996945946774,307.9996945946774,0,"{'load': 1, 'battery': 1}",0,0.0,2,0,0,0,0,"{'solar': 0, 'wind': 0, 'generator': 0}",285.0,30.5633,6.8759999999999994,0.6
2564,-484.91931935310333,18.5600394,466.35927995310334,0.0,245.4522526068965,0.0,369.1858486068965,369.1858486068965,0,"{'load': 1, 'battery': 1}",0,123.733596,0,0,0,0,0,"{'solar': 1, 'wind': 0, 'generator': 0}",285.0,441.9057,5.184,1.9
2565,-1064.9928143011323,27.087849600000002,1037.9049647011323,0.0,296.5442756288949,0.0,477.12993962889493,477.12993962889493,0,"{'load': 1, 'battery': 1}",0,180.585664,0,0,0,0,0,"{'solar': 1, 'wind': 0, 'generator': 0}",285.0,644.9488,10.404,3.5
2566,-1104.9931852649622,0.0,1104.9931852649622,0.0,581.5753606657696,0.0,581.5753606657696,581.5753606657696,0,"{'load': 1, 'battery': 0}",0,0.0,0,0,0,0,0,"{'solar': 0, 'wind': 0, 'generator': 0}",285.0,0.4731,9.288,1.9
2567,-368.8590089794461,0.003204536502345679,368.8558044429438,269.9897324,344.76994167157306,0.0,244.9497114334279,270.0,1,"{'load': 1, 'battery': 1}",1,0.010808000000000002,1,0,0,0,0,"{'solar': 1, 'wind': 0, 'generator': 0}",285.0,0.0386,12.78,0.6
2568,-91.1349309804798,0.0025956,91.13233538047979,0.0,151.887225634133,0.0,151.90452963413298,151.90452963413298,0,"{'load': 1, 'battery': 1}",0,0.017304,0,0,0,0,0,"{'solar': 1, 'wind': 0, 'generator': 0}",285.0,0.0618,13.428,0.6
2569,-157.4684201871787,3.5403942,153.9280259871787,0.0,256.54670997863116,0.0,280.14933797863114,280.14933797863114,0,"{'load': 1, 'battery': 1}",0,23.602628000000003,0,0,0,0,0,"{'solar': 1, 'wind': 0, 'generator': 0}",285.0,84.2951,12.78,0.6
2570,-89.58379735159319,32.75298180000001,56.83081555159318,0.0,94.71802591932197,0.0,313.071237919322,313.071237919322,0,"{'load': 1, 'battery': 1}",0,218.35321200000004,0,0,0,0,0,"{'solar': 1, 'wind': 0, 'generator': 0}",285.0,779.8329,7.416,0.6
2571,-176.8381617392387,22.6280124,154.2101493392387,0.0,257.0169155653979,0.0,407.87033156539786,407.8703315653979,0,"{'load': 1, 'battery': 1}",0,150.853416,0,0,0,0,0,"{'solar': 1, 'wind': 0, 'generator': 0}",285.0,538.7622,25.2,0.6
2572,-493.5271594828321,0.0,493.5271594828321,0.0,548.3635105364801,0.0,548.3635105364801,548.3635105364801,0,"{'load': 1, 'battery': 1}",0,0.0,1,0,0,0,0,"{'solar': 0, 'wind': 0, 'generator': 0}",285.0,0.0216,24.840000000000003,0.8999999999999999
2573,-122.733544424399,0.002692200000000001,122.734441824399,0.0,204.557403040665,0.0035896000000000014,204.557403040665,204.557403040665,0,"{'load': 1, 'battery': 1}",0,0.017948000000000006,2,0,0,0,0,"{'solar': 1, 'wind': 0, 'generator': 0}",285.0,0.0641,11.16,0.6
2574,-84.13202983714612,0.0027888,84.12924103714612,0.0,140.21540172857686,0.0,140.23399372857688,140.23399372857688,0,"{'load': 1, 'battery': 1}",0,0.018592,0,0,0,0,0,"{'solar': 1, 'wind': 0, 'generator': 0}",285.0,0.0664,1.836,0.6
2575,-183.452233486643,0.0,183.452233486643,0.0,305.75372247773834,0.0,305.75372247773834,305.75372247773834,0,"{'load': 1, 'battery': 1}",0,0.0,0,0,0,0,0,"{'solar': 0, 'wind': 0, 'generator': 0}",285.0,45.4144,24.084000000000003,0.6
2576,-79.26443985929221,26.0294202,53.235019659292206,0.0,88.72503276548701,0.0,262.254500765487,262.254500765487,0,"{'load': 1, 'battery': 1}",0,173.529468,0,0,0,0,0,"{'solar': 1, 'wind': 0, 'generator': 0}",285.0,619.7481,13.968,0.6
2577,-129.2272324510007,18.081751799999996,111.14548065100071,0.0,185.24246775166785,0.0,305.78747975166783,305.78747975166783,0,"{'load': 1, 'battery': 1}",0,120.54501199999999,0,0,0,0,0,"{'solar': 1, 'wind': 0, 'generator': 0}",285.0,430.5179,21.744,0.6
2578,-454.76219987754314,0.0,454.76219987754314,0.0,505.2913331972702,0.0,505.2913331972702,505.2913331972702,0,"{'load': 1, 'battery': 0}",0,0.0,2,0,0,0,0,"{'solar': 0, 'wind': 0, 'generator': 0}",285.0,0.01,17.208000000000002,0.8999999999999999
2579,-159.56385693282076,9.660377654320989e-05,159.56376032904421,0.0,265.93960054840704,0.0,265.93960054840704,265.93960054840704,0,"{'load': 1, 'battery': 1}",0,0.000644,1,0,0,0,0,"{'solar': 1, 'wind': 0, 'generator': 0}",285.0,0.0023,19.224,0.6
2580,-81.09302399292882,0.0036373421950617285,81.08938665073376,0.0,135.14897775122293,0.0,135.14897775122293,135.14897775122293,0,"{'load': 1, 'battery': 1}",0,0.024248000000000002,1,0,0,0,0,"{'solar': 1, 'wind': 0, 'generator': 0}",285.0,0.0866,11.988000000000001,0.6
2581,-176.51110352824548,0.16663920000000002,176.3444643282455,0.0,293.90744054707585,0.0,295.01836854707585,295.01836854707585,0,"{'load': 1, 'battery': 1}",0,1.1109280000000001,0,0,0,0,0,"{'solar': 1, 'wind': 0, 'generator': 0}",285.0,3.9676,18.720000000000002,0.6
2582,-284.51855022552814,21.344853533333332,263.1736966921948,270.0,168.6228278203247,0.0,268.798379726504,412.28846799999997,1,"{'load': 1, 'battery': 1}",1,142.288468,0,0,0,0,0,"{'solar': 1, 'wind': 0, 'generator': 0}",285.0,508.1731,46.62,0.6
2583,-108.97756670749601,16.233604800000002,92.74396190749601,0.0,154.5732698458267,0.0,262.7973018458267,262.7973018458267,0,"{'load': 1, 'battery': 1}",0,108.22403200000001,0,0,0,0,0,"{'solar': 1, 'wind': 0, 'generator': 0}",285.0,386.5144,39.06,0.6
2584,-439.5802739436632,0.0,439.5802739436632,0.0,488.4225266040703,0.0,488.4225266040703,488.4225266040703,0,"{'load': 1, 'battery': 1}",0,0.0,1,0,0,0,0,"{'solar': 0, 'wind': 0, 'generator': 0}",285.0,0.024,21.168,0.8999999999999999
2585,-176.08669772298046,0.0024654000000000004,176.08423232298045,0.0,293.47372053830077,0.0,293.49015653830077,293.49015653830077,0,"{'load': 1, 'battery': 1}",0,0.016436000000000003,0,0,0,0,0,"{'solar': 1, 'wind': 0, 'generator': 0}",285.0,0.0587,7.884,0.6
2586,-124.38402987833523,0.0,124.38402987833523,0.0,207.30671646389206,0.0,207.30671646389206,207.30671646389206,0,"{'load': 1, 'battery': 1}",0,0.0,2,0,0,0,0,"{'solar': 0, 'wind': 0, 'generator': 0}",285.0,0.0626,15.515999999999998,0.6
2587,-269.2267983894339,0.0880908,269.2561619894339,0.0,448.7602699823899,0.11745440000000001,448.7602699823899,448.7602699823899,0,"{'load': 1, 'battery': 1}",0,0.587272,2,0,0,0,0,"{'solar': 1, 'wind': 0, 'generator': 0}",285.0,2.0974,23.364,0.6
2588,-318.6703734966024,8.817807533333333,309.85256596326906,270.0,246.4209432721151,0.0,305.1957712721151,305.1957712721151,0,"{'load': 1, 'battery': 1}",0,58.77482800000001,0,0,0,0,0,"{'solar': 1, 'wind': 0, 'generator': 0}",285.0,209.9101,7.956,0.6
2589,-132.5834780803586,13.6021998,118.98127828035858,0.0,198.3021304672643,0.0,288.9834624672643,288.9834624672643,0,"{'load': 1, 'battery': 1}",0,90.681332,0,0,0,0,0,"{'solar': 1, 'wind': 0, 'generator': 0}",285.0,323.8619,9.576,0.6
2590,-422.9362929536242,0.0011046431839506173,422.93518831044025,0.0,469.92798701160035,0.0,469.92798701160035,469.92798701160035,0,"{'load': 1, 'battery': 1}",0,0.007364000000000001,1,0,0,0,0,"{'solar': 1, 'wind': 0, 'generator': 0}",285.0,0.0263,4.86,0.8999999999999999
2591,-300.0042,0.0042,0.0,0.0,0.0,0.0,34.0,0.0,0,"{'load': 0, 'battery': 0}",0,0.028,0,0,0,0,0,"{'solar': 0, 'wind': 0, 'generator': 0}",15.0,0.1,40.0,0.6
2592,-173.52789958530602,0.0029862,173.524913385306,0.0,289.20818897551004,0.0,289.22809697551,289.22809697551,0,"{'load': 1, 'battery': 1}",0,0.019908000000000002,0,0,0,0,0,"{'solar': 1, 'wind': 0, 'generator': 0}",285.0,0.0711,3.3120000000000003,0.6
2593,-308.337348395532,0.029757,308.307591395532,0.0,513.84598565922,0.0,514.04436565922,514.04436565922,0,"{'load': 1, 'battery': 1}",0,0.19838,0,0,0,0,0,"{'solar': 1, 'wind': 0, 'generator': 0}",285.0,0.7085,4.212,0.6
2594,-215.429263180146,0.0,215.429263180146,0.0,359.04877196691,0.0,359.04877196691,359.04877196691,0,"{'load': 1, 'battery': 1}",0,0.0,0,0,0,0,0,"{'solar': 0, 'wind': 0, 'generator': 0}",285.0,428.2502,13.392000000000001,0.6
2595,-185.14029903540012,0.0,185.14029903540012,0.0,308.5671650590002,0.0,308.5671650590002,308.5671650590002,0,"{'load': 1, 'battery': 1}",0,0.0,0,0,0,0,0,"{'solar': 0, 'wind': 0, 'generator': 0}",285.0,368.164,15.408000000000001,0.6
2596,-489.5411584939603,0.0007770303765432098,489.5403814635838,0.0,543.9337571817598,0.0,543.9337571817598,543.9337571817598,0,"{'load': 1, 'battery': 1}",0,0.00518,1,0,0,0,0,"{'solar': 1, 'wind': 0, 'generator': 0}",285.0,0.0185,25.776,0.8999999999999999
2597,-179.71585298654156,0.0016884,179.71416458654156,0.0,299.52360764423594,0.0,299.53486364423594,299.53486364423594,0,"{'load': 1, 'battery': 1}",0,0.011256,0,0,0,0,0,"{'solar': 1, 'wind': 0, 'generator': 0}",285.0,0.0402,22.968,0.6
2598,-146.9722279508586,0.0032466,146.9689813508586,0.0,244.94830225143102,0.0,244.96994625143103,244.96994625143103,0,"{'load': 1, 'battery': 1}",0,0.021644,0,0,0,0,0,"{'solar': 1, 'wind': 0, 'generator': 0}",285.0,0.0773,24.48,0.6
2599,-317.1798495457697,0.0,317.1798495457697,0.0,528.6330825762828,0.0,528.6330825762828,528.6330825762828,0,"{'load': 1, 'battery': 0}",0,0.0,2,0,0,0,0,"{'solar': 0, 'wind': 0, 'generator': 0}",285.0,1.3985,27.684,0.6
2600,-111.19434427676181,25.645888799999998,85.54845547676182,0.0,142.58075912793637,0.0,313.55335112793637,313.55335112793637,0,"{'load': 1, 'battery': 1}",0,170.972592,0,0,0,0,0,"{'solar': 1, 'wind': 0, 'generator': 0}",285.0,610.6164,6.6240000000000006,0.6
2601,-113.85746658017939,22.0807608,91.7767057801794,0.0,152.961176300299,0.0,300.166248300299,300.166248300299,0,"{'load': 1, 'battery': 1}",0,147.205072,0,0,0,0,0,"{'solar': 1, 'wind': 0, 'generator': 0}",285.0,525.7324,13.068,0.6
2602,-457.626962838143,0.0002268088666666667,457.62673602927634,0.0,508.4741511436404,0.0,508.4741511436404,508.4741511436404,0,"{'load': 1, 'battery': 1}",0,0.0015120000000000003,1,0,0,0,0,"{'solar': 1, 'wind': 0, 'generator': 0}",285.0,0.0054,3.528,0.8999999999999999
2603,-172.53693596906032,0.0036035999999999998,172.53813716906032,0.0,287.56356194843386,0.0048048000000000006,287.56356194843386,287.56356194843386,0,"{'load': 1, 'battery': 1}",0,0.024024,2,0,0,0,0,"{'solar': 1, 'wind': 0, 'generator': 0}",285.0,0.0858,13.212,0.6
2604,-108.94570830092403,0.0035365382543209875,108.9421717626697,0.0,181.57028627111617,0.0,181.57028627111617,181.57028627111617,0,"{'load': 1, 'battery': 1}",0,0.023576,1,0,0,0,0,"{'solar': 1, 'wind': 0, 'generator': 0}",285.0,0.0842,7.524,0.6
2605,-231.00002600890915,0.2171106875345679,230.7829153213746,0.0,384.638192202291,0.0,384.638192202291,384.638192202291,0,"{'load': 1, 'battery': 1}",0,1.447348,1,0,0,0,0,"{'solar': 1, 'wind': 0, 'generator': 0}",285.0,5.1691,3.204,0.6
2606,-190.78328021549208,21.92211440389012,168.86116581160198,0.0,281.43527635267,0.0,281.43527635267,281.43527635267,0,"{'load': 1, 'battery': 1}",0,146.141716,1,0,0,0,0,"{'solar': 1, 'wind': 0, 'generator': 0}",285.0,521.9347,1.0080000000000002,0.6
2607,-255.65663613802127,23.174381999999994,232.4822541380213,270.0,117.47042356336888,0.0,271.96630356336885,271.96630356336885,0,"{'load': 1, 'battery': 0}",0,154.49587999999997,0,0,0,0,0,"{'solar': 1, 'wind': 0, 'generator': 0}",285.0,551.771,9.612,0.6
2608,-427.7973617115303,0.0,427.7973617115303,0.0,475.3304019017004,0.0,475.3304019017004,475.3304019017004,0,"{'load': 1, 'battery': 1}",0,0.0,0,0,0,0,0,"{'solar': 0, 'wind': 0, 'generator': 0}",285.0,0.6811,19.944,0.8999999999999999
2609,-162.61512112917103,0.0,162.61512112917103,0.0,271.0252018819517,0.0,271.0252018819517,271.0252018819517,0,"{'load': 1, 'battery': 1}",0,0.0,0,0,0,0,0,"{'solar': 1, 'wind': 0, 'generator': 0}",285.0,0.0,4.392,0.6
2610,-128.5292360865881,0.002759399999999999,128.5264766865881,0.0,214.21079447764683,0.0,214.22919047764682,214.22919047764682,0,"{'load': 1, 'battery': 1}",0,0.018395999999999996,0,0,0,0,0,"{'solar': 1, 'wind': 0, 'generator': 0}",285.0,0.0657,7.524,0.6
2611,-193.2716308648523,0.567588,192.7040428648523,0.0,321.17340477475386,0.0,324.9573247747539,324.9573247747539,0,"{'load': 1, 'battery': 0}",0,3.78392,0,0,0,0,0,"{'solar': 1, 'wind': 0, 'generator': 0}",285.0,13.514,19.008000000000003,0.6
2612,-52.02140978405812,33.456129,18.56528078405812,0.0,30.942134640096867,0.0,253.98299464009685,253.98299464009685,0,"{'load': 1, 'battery': 1}",0,223.04085999999998,0,0,0,0,0,"{'solar': 1, 'wind': 0, 'generator': 0}",285.0,796.5745,18.072,0.6
2613,-76.51121457443335,30.241533000000004,46.26968157443334,0.0,77.1161359573889,0.0,278.72635595738893,278.72635595738893,0,"{'load': 1, 'battery': 1}",0,201.61022000000003,0,0,0,0,0,"{'solar': 1, 'wind': 0, 'generator': 0}",285.0,720.0365,5.436,0.6
2614,-390.1201580644107,0.1498392,389.97031886441073,0.0,433.3003542937897,0.0,434.2992822937897,434.2992822937897,0,"{'load': 1, 'battery': 1}",0,0.9989280000000001,0,0,0,0,0,"{'solar': 1, 'wind': 0, 'generator': 0}",285.0,3.5676,22.896,0.8999999999999999
2615,-110.90586715639307,0.0,110.90586715639307,0.0,184.8431119273218,0.0,184.8431119273218,184.8431119273218,0,"{'load': 1, 'battery': 1}",0,0.0,0,0,0,0,0,"{'solar': 1, 'wind': 0, 'generator': 0}",285.0,0.0,18.18,0.6
2616,-84.30893780590313,0.0024024000000000003,84.30653540590313,0.0,140.5108923431719,0.0,140.5269083431719,140.5269083431719,0,"{'load': 1, 'battery': 1}",0,0.016016000000000002,0,0,0,0,0,"{'solar': 1, 'wind': 0, 'generator': 0}",285.0,0.0572,22.788,0.6
2617,-141.1246009276379,6.774600000000001,134.35000092763792,0.0,223.9166682127299,0.0,269.0806682127299,269.0806682127299,0,"{'load': 1, 'battery': 1}",0,45.16400000000001,0,0,0,0,0,"{'solar': 1, 'wind': 0, 'generator': 0}",285.0,161.3,23.759999999999998,0.6
2618,-140.5448860505343,32.5714494,151.4020358505343,0.0,252.3367264175572,43.42859920000001,252.3367264175572,252.3367264175572,0,"{'load': 1, 'battery': 1}",0,217.142996,2,0,0,0,0,"{'solar': 1, 'wind': 0, 'generator': 0}",285.0,775.5107,16.308,0.6
2619,-105.40843825295637,30.5795406,74.82889765295637,0.0,124.71482942159395,0.0,328.57843342159396,328.57843342159396,0,"{'load': 1, 'battery': 1}",0,203.863604,0,0,0,0,0,"{'solar': 1, 'wind': 0, 'generator': 0}",285.0,728.0843,9.0,0.6
2620,-816.679187857314,0.0,816.679187857314,0.0,429.83115150384947,0.0,429.83115150384947,429.83115150384947,0,"{'load': 1, 'battery': 1}",0,0.0,0,0,0,0,0,"{'solar': 0, 'wind': 0, 'generator': 0}",285.0,16.8269,6.3,1.9
2621,-120.95978042351109,0.0,120.95978042351109,0.0,201.59963403918516,0.0,201.59963403918516,201.59963403918516,0,"{'load': 1, 'battery': 1}",0,0.0,0,0,0,0,0,"{'solar': 1, 'wind': 0, 'generator': 0}",285.0,0.0,1.8,0.6
2622,-87.36680984085429,0.00762749818271605,87.35918234267157,0.0,145.59863723778597,0.0,145.59863723778597,145.59863723778597,0,"{'load': 1, 'battery': 1}",0,0.050848000000000004,1,0,0,0,0,"{'solar': 1, 'wind': 0, 'generator': 0}",285.0,0.1816,2.2680000000000002,0.6
2623,-165.8991017364398,0.0,165.8991017364398,0.0,276.49850289406635,0.0,276.49850289406635,276.49850289406635,0,"{'load': 1, 'battery': 1}",0,0.0,2,0,0,0,0,"{'solar': 0, 'wind': 0, 'generator': 0}",285.0,277.1555,0.0,0.6
2624,-77.6547571928148,38.7996462,38.85511099281481,0.0,20.450058417270952,0.0,279.11436641727096,279.11436641727096,0,"{'load': 1, 'battery': 0}",0,258.664308,0,0,0,0,0,"{'solar': 1, 'wind': 0, 'generator': 0}",285.0,923.8011,26.28,1.9
2625,-682.1512477778508,31.1157966,651.0354511778509,0.0,186.01012890795738,0.0,393.4487729079574,393.4487729079574,0,"{'load': 1, 'battery': 1}",0,207.438644,0,0,0,0,0,"{'solar': 1, 'wind': 0, 'generator': 0}",285.0,740.8523,27.612000000000002,3.5
2626,-788.906086392978,1.0596474,787.8464389929779,0.0,414.65602052262,0.0,421.72033652262,421.72033652262,0,"{'load': 1, 'battery': 1}",0,7.064316000000001,0,0,0,0,0,"{'solar': 1, 'wind': 0, 'generator': 0}",285.0,25.2297,6.912,1.9
2627,-140.61455742412195,0.0,140.61455742412195,0.0,234.35759570686994,0.0,234.35759570686994,234.35759570686994,0,"{'load': 1, 'battery': 1}",0,0.0,0,0,0,0,0,"{'solar': 1, 'wind': 0, 'generator': 0}",285.0,0.0,10.368,0.6
2628,-92.24466499144502,0.0,92.24466499144502,0.0,153.74110831907504,0.0,153.74110831907504,153.74110831907504,0,"{'load': 1, 'battery': 1}",0,0.0,0,0,0,0,0,"{'solar': 1, 'wind': 0, 'generator': 0}",285.0,0.0,5.184,0.6
2629,-153.96563910253195,2.1948024000000004,151.77083670253194,0.0,252.9513945042199,0.0,267.5834105042199,267.5834105042199,0,"{'load': 1, 'battery': 1}",0,14.632016000000002,0,0,0,0,0,"{'solar': 1, 'wind': 0, 'generator': 0}",285.0,52.2572,7.776000000000001,0.6
2630,-147.96719763609983,39.634723799999996,108.33247383609984,0.0,57.01709149268413,0.0,321.24858349268413,321.24858349268413,0,"{'load': 1, 'battery': 1}",0,264.231492,0,0,0,0,0,"{'solar': 1, 'wind': 0, 'generator': 0}",285.0,943.6839,26.64,1.9
2631,-910.8940028160188,32.914677600000005,877.9793252160188,0.0,250.85123577600535,0.0,470.2824197760054,470.2824197760054,0,"{'load': 1, 'battery': 1}",0,219.43118400000003,0,0,0,0,0,"{'solar': 1, 'wind': 0, 'generator': 0}",285.0,783.6828,8.352,3.5
2632,-973.7963009965587,1.6981817999999997,972.0981191965586,0.0,511.63058905082033,0.0,522.9518010508203,522.9518010508203,0,"{'load': 1, 'battery': 1}",0,11.321212,0,0,0,0,0,"{'solar': 1, 'wind': 0, 'generator': 0}",285.0,40.4329,7.668,1.9
2633,-151.9857433629979,0.0054516,151.98029176299792,0.0,253.3004862716632,0.0,253.33683027166322,253.33683027166322,0,"{'load': 1, 'battery': 1}",0,0.036344,0,0,0,0,0,"{'solar': 1, 'wind': 0, 'generator': 0}",285.0,0.1298,7.596,0.6
2634,-98.87945564355216,0.003599540717283951,98.87585610283487,0.0,164.7930935047248,0.0,164.7930935047248,164.7930935047248,0,"{'load': 1, 'battery': 1}",0,0.023996000000000003,1,0,0,0,0,"{'solar': 1, 'wind': 0, 'generator': 0}",285.0,0.0857,0.36000000000000004,0.6
2635,-166.27674358659348,2.8816284000000003,163.39511518659347,0.0,272.3251919776558,0.0,291.53604797765576,291.53604797765576,0,"{'load': 1, 'battery': 1}",0,19.210856000000003,0,0,0,0,0,"{'solar': 1, 'wind': 0, 'generator': 0}",285.0,68.6102,1.296,0.6
2636,-716.8608232128466,0.0,716.8608232128466,0.0,377.29517011202455,0.0,377.29517011202455,377.29517011202455,0,"{'load': 1, 'battery': 1}",0,0.0,0,0,0,0,0,"{'solar': 0, 'wind': 0, 'generator': 0}",285.0,915.6219,10.476,1.9
2637,-1125.171829309462,33.922076999999994,1091.249752309462,0.0,311.7856435169892,0.0,537.9328235169892,537.9328235169892,0,"{'load': 1, 'battery': 1}",0,226.14718,0,0,0,0,0,"{'solar': 1, 'wind': 0, 'generator': 0}",285.0,807.6685,5.688000000000001,3.5
2638,-1098.9752686571258,3.013773,1095.9614956571259,0.0,576.82183981954,0.0,596.9136598195399,596.9136598195399,0,"{'load': 1, 'battery': 1}",0,20.091820000000002,0,0,0,0,0,"{'solar': 1, 'wind': 0, 'generator': 0}",285.0,71.7565,12.564000000000002,1.9
2639,-170.21476013925587,0.0008736,170.21388653925587,0.0,283.6898108987598,0.0,283.6956348987598,283.6956348987598,0,"{'load': 1, 'battery': 1}",0,0.005824,0,0,0,0,0,"{'solar': 1, 'wind': 0, 'generator': 0}",285.0,0.0208,19.872,0.6
2640,-106.36216555030202,0.0025619999999999996,106.35960355030203,0.0,177.26600591717005,0.0,177.28308591717004,177.28308591717004,0,"{'load': 1, 'battery': 1}",0,0.017079999999999998,0,0,0,0,0,"{'solar': 1, 'wind': 0, 'generator': 0}",285.0,0.061,25.128000000000004,0.6
2641,-177.38260400086997,2.5018362045876548,174.88076779628233,0.0,291.4679463271372,0.0,291.4679463271372,291.4679463271372,0,"{'load': 1, 'battery': 1}",0,16.678256,1,0,0,0,0,"{'solar': 1, 'wind': 0, 'generator': 0}",285.0,59.5652,1.296,0.6
2642,-502.90720008278646,18.5380188,484.3691812827865,0.0,254.93114804357185,0.0,378.51794004357185,378.51794004357185,0,"{'load': 1, 'battery': 0}",0,123.586792,0,0,0,0,0,"{'solar': 1, 'wind': 0, 'generator': 0}",285.0,441.3814,4.86,1.9
2643,-1240.0603619438202,31.5303366,1208.5300253438202,0.0,345.2942929553772,0.0,555.4965369553772,555.4965369553772,0,"{'load': 1, 'battery': 1}",0,210.202244,0,0,0,0,0,"{'solar': 1, 'wind': 0, 'generator': 0}",285.0,750.7223,20.16,3.5
2644,-1133.7596247327901,0.9649037210987653,1132.7947210116913,0.0,596.2077479008902,0.0,596.2077479008902,596.2077479008902,0,"{'load': 1, 'battery': 1}",0,6.43244,1,0,0,0,0,"{'solar': 1, 'wind': 0, 'generator': 0}",285.0,22.973,2.4120000000000004,1.9
2645,-147.2618640026239,0.0022722000000000003,147.2595918026239,0.0,245.43265300437318,0.0,245.4478010043732,245.4478010043732,0,"{'load': 1, 'battery': 0}",0,0.015148000000000003,0,0,0,0,0,"{'solar': 1, 'wind': 0, 'generator': 0}",285.0,0.0541,29.340000000000003,0.6
2646,-97.33349920527235,0.0016547999999999999,97.33184440527235,0.0,162.21974067545392,0.0,162.23077267545392,162.23077267545392,0,"{'load': 1, 'battery': 1}",0,0.011032,0,0,0,0,0,"{'solar': 1, 'wind': 0, 'generator': 0}",285.0,0.0394,6.8759999999999994,0.6
2647,-168.47389421224364,2.8263815999999995,165.64751261224364,0.0,276.07918768707276,0.0,294.92173168707274,294.92173168707274,0,"{'load': 1, 'battery': 1}",0,18.842543999999997,0,0,0,0,0,"{'solar': 1, 'wind': 0, 'generator': 0}",285.0,67.2948,10.08,0.6
2648,-350.4908384532192,35.4805584,315.0102800532192,0.0,165.79488423853644,0.0,402.33194023853645,402.33194023853645,0,"{'load': 1, 'battery': 1}",0,236.537056,0,0,0,0,0,"{'solar': 1, 'wind': 0, 'generator': 0}",285.0,844.7752,24.984,1.9
2649,-1814.1740798407402,28.3002048,1823.6074814407402,0.0,521.0307089830686,37.733606400000006,521.0307089830686,521.0307089830686,0,"{'load': 1, 'battery': 1}",0,188.668032,2,0,0,0,0,"{'solar': 1, 'wind': 0, 'generator': 0}",285.0,673.8144,5.472,3.5
2650,-1216.2568937493654,0.0838488,1216.1730449493655,0.0,640.0910762891398,0.0,640.6500682891398,640.6500682891398,0,"{'load': 1, 'battery': 1}",0,0.558992,0,0,0,0,0,"{'solar': 1, 'wind': 0, 'generator': 0}",285.0,1.9964,4.572,1.9
2651,-150.60777516607484,0.001558260917283951,150.60621690515757,0.0,251.01036150859593,0.0,251.01036150859593,251.01036150859593,0,"{'load': 1, 'battery': 1}",0,0.010388000000000001,1,0,0,0,0,"{'solar': 1, 'wind': 0, 'generator': 0}",285.0,0.0371,4.824000000000001,0.6
2652,-98.35880390461983,0.0012305999999999999,98.35757330461983,0.0,163.92928884103307,0.0,163.93749284103308,163.93749284103308,0,"{'load': 1, 'battery': 1}",0,0.008204,0,0,0,0,0,"{'solar': 1, 'wind': 0, 'generator': 0}",285.0,0.0293,15.3,0.6
2653,-186.42685245556714,2.1909694518358025,184.23588300373135,0.0,307.05980500621894,0.0,307.05980500621894,307.05980500621894,0,"{'load': 1, 'battery': 1}",0,14.605891999999999,1,0,0,0,0,"{'solar': 1, 'wind': 0, 'generator': 0}",285.0,52.1639,1.836,0.6
2654,-247.07030674209201,33.1335354,213.93677134209202,0.0,112.59830070636423,0.0,333.48853670636424,333.48853670636424,0,"{'load': 1, 'battery': 1}",0,220.89023600000002,0,0,0,0,0,"{'solar': 1, 'wind': 0, 'generator': 0}",285.0,788.8937,2.9160000000000004,1.9
2655,-991.6789761968855,24.059338800000003,967.6196373968855,0.0,276.4627535419673,0.0,436.8583455419673,436.8583455419673,0,"{'load': 1, 'battery': 1}",0,160.39559200000002,0,0,0,0,0,"{'solar': 1, 'wind': 0, 'generator': 0}",285.0,572.8414,7.992000000000001,3.5
2656,-497.1248002679669,0.0,497.1248002679669,0.0,552.36088918663,0.0,552.36088918663,552.36088918663,0,"{'load': 1, 'battery': 1}",0,0.0,1,0,0,0,0,"{'solar': 0, 'wind': 0, 'generator': 0}",285.0,0.0178,21.240000000000002,0.8999999999999999
2657,-132.41197182980105,0.0028223999999999996,132.40914942980103,0.0,220.68191571633506,0.0,220.70073171633504,220.70073171633504,0,"{'load': 1, 'battery': 0}",0,0.018816,0,0,0,0,0,"{'solar': 1, 'wind': 0, 'generator': 0}",285.0,0.0672,12.6,0.6
2658,-87.46717549985405,0.0017850000000000003,87.46539049985405,0.0,145.77565083309008,0.0,145.78755083309008,145.78755083309008,0,"{'load': 1, 'battery': 1}",0,0.011900000000000003,0,0,0,0,0,"{'solar': 1, 'wind': 0, 'generator': 0}",285.0,0.0425,2.088,0.6
2659,-176.50368782334763,0.0,176.50368782334763,0.0,294.17281303891275,0.0,294.17281303891275,294.17281303891275,0,"{'load': 1, 'battery': 1}",0,0.0,0,0,0,0,0,"{'solar': 0, 'wind': 0, 'generator': 0}",285.0,14.5745,11.268,0.6
2660,-92.44987119247934,27.966556800000003,64.48331439247933,0.0,107.47219065413222,0.0,293.91590265413225,293.91590265413225,0,"{'load': 1, 'battery': 1}",0,186.44371200000003,0,0,0,0,0,"{'solar': 1, 'wind': 0, 'generator': 0}",285.0,665.8704,13.212,0.6
2661,-160.22895399901319,18.5170356,141.7119183990132,0.0,236.18653066502202,0.0,359.63343466502204,359.63343466502204,0,"{'load': 1, 'battery': 0}",0,123.446904,0,0,0,0,0,"{'solar': 1, 'wind': 0, 'generator': 0}",285.0,440.8818,15.156,0.6
2662,-445.24089274757677,0.0009744380938271603,445.23991830948296,0.0,494.71102034387,0.0,494.71102034387,494.71102034387,0,"{'load': 1, 'battery': 1}",0,0.006495999999999999,1,0,0,0,0,"{'solar': 1, 'wind': 0, 'generator': 0}",285.0,0.0232,3.204,0.8999999999999999
2663,-110.93904198289151,0.0025956,110.9364463828915,0.0,184.89407730481918,0.0,184.91138130481917,184.91138130481917,0,"{'load': 1, 'battery': 1}",0,0.017304,0,0,0,0,0,"{'solar': 1, 'wind': 0, 'generator': 0}",285.0,0.0618,15.947999999999999,0.6
2664,-81.53503740261365,0.007434,81.52760340261365,0.0,135.8793390043561,0.0,135.9288990043561,135.9288990043561,0,"{'load': 1, 'battery': 1}",0,0.04956,0,0,0,0,0,"{'solar': 1, 'wind': 0, 'generator': 0}",285.0,0.177,9.18,0.6
2665,-182.18427450657657,0.32401739999999996,181.86025710657657,0.0,303.10042851096097,0.0,305.260544510961,305.260544510961,0,"{'load': 1, 'battery': 0}",0,2.160116,0,0,0,0,0,"{'solar': 1, 'wind': 0, 'generator': 0}",285.0,7.7147,8.208,0.6
2666,-156.77352536747625,0.0,156.77352536747625,0.0,261.28920894579375,0.0,261.28920894579375,261.28920894579375,0,"{'load': 1, 'battery': 0}",0,0.0,0,0,0,0,0,"{'solar': 0, 'wind': 0, 'generator': 0}",285.0,350.436,29.556000000000004,0.6
2667,-118.25998598564996,13.680403800000002,104.57958218564995,0.0,174.29930364274992,0.0,265.50199564274993,265.50199564274993,0,"{'load': 1, 'battery': 1}",0,91.20269200000001,0,0,0,0,0,"{'solar': 1, 'wind': 0, 'generator': 0}",285.0,325.7239,6.3,0.6
2668,-430.4986304740292,0.0016884,430.4969420740292,0.0,478.3299356378103,0.0,478.3411916378103,478.3411916378103,0,"{'load': 1, 'battery': 1}",0,0.011256,0,0,0,0,0,"{'solar': 1, 'wind': 0, 'generator': 0}",285.0,0.0402,20.196,0.8999999999999999
2669,-202.7934798734318,0.005833741641728395,202.78764613179007,269.9730808,68.00632941965011,0.0,260.05702027686704,270.0,1,"{'load': 1, 'battery': 1}",1,0.028336000000000004,1,0,0,0,0,"{'solar': 1, 'wind': 0, 'generator': 0}",285.0,0.1012,42.804,0.6
2670,-81.7975330498433,0.0024024939209876545,81.79513055592231,0.0,136.32521759320386,0.0,136.32521759320386,136.32521759320386,0,"{'load': 1, 'battery': 1}",0,0.016016000000000002,1,0,0,0,0,"{'solar': 1, 'wind': 0, 'generator': 0}",285.0,0.0572,25.452,0.6
2671,-181.16534065331456,0.0,181.16534065331456,0.0,301.94223442219095,0.0,301.94223442219095,301.94223442219095,0,"{'load': 1, 'battery': 1}",0,0.0,0,0,0,0,0,"{'solar': 0, 'wind': 0, 'generator': 0}",285.0,50.206,11.376000000000001,0.6
2672,-107.27718794305439,21.501211200000004,85.77597674305439,0.0,142.95996123842397,0.0,286.301369238424,286.301369238424,0,"{'load': 1, 'battery': 1}",0,143.34140800000003,0,0,0,0,0,"{'solar': 1, 'wind': 0, 'generator': 0}",285.0,511.9336,8.568,0.6
2673,-136.90430531116047,14.588212799999999,122.31609251116046,0.0,203.86015418526745,0.0,301.11490618526744,301.11490618526744,0,"{'load': 1, 'battery': 0}",0,97.254752,0,0,0,0,0,"{'solar': 1, 'wind': 0, 'generator': 0}",285.0,347.3384,7.920000000000001,0.6
2674,-478.9116266414492,0.0,478.9116266414492,0.0,532.1240296016102,0.0,532.1240296016102,532.1240296016102,0,"{'load': 1, 'battery': 1}",0,0.0,1,0,0,0,0,"{'solar': 0, 'wind': 0, 'generator': 0}",285.0,0.041,25.272,0.8999999999999999
2675,-192.5251312162182,0.0033432,192.5217880162182,0.0,320.869646693697,0.0,320.891934693697,320.891934693697,0,"{'load': 1, 'battery': 1}",0,0.022288000000000002,0,0,0,0,0,"{'solar': 1, 'wind': 0, 'generator': 0}",285.0,0.0796,5.796,0.6
2676,-160.52261318795158,0.0,160.52261318795158,0.0,267.537688646586,0.0,267.537688646586,267.537688646586,0,"{'load': 1, 'battery': 1}",0,0.0,1,0,0,0,0,"{'solar': 0, 'wind': 0, 'generator': 0}",285.0,0.0874,16.128000000000004,0.6
2677,-285.9250038311073,0.035302380080246915,285.88970145102707,0.0,476.4828357517118,0.0,476.4828357517118,476.4828357517118,0,"{'load': 1, 'battery': 1}",0,0.23534000000000002,1,0,0,0,0,"{'solar': 1, 'wind': 0, 'generator': 0}",285.0,0.8405,8.568,0.6
2678,-155.99957927574616,14.040125400000003,141.95945387574616,0.0,236.59908979291026,0.0,330.1999257929103,330.1999257929103,0,"{'load': 1, 'battery': 1}",0,93.60083600000002,0,0,0,0,0,"{'solar': 1, 'wind': 0, 'generator': 0}",285.0,334.2887,15.264000000000001,0.6
2679,-196.85052604908412,0.0,196.85052604908412,0.0,328.0842100818069,0.0,328.0842100818069,328.0842100818069,0,"{'load': 1, 'battery': 1}",0,0.0,0,0,0,0,0,"{'solar': 0, 'wind': 0, 'generator': 0}",285.0,383.5784,14.832,0.6
2680,-492.30230946283086,0.002205086203703704,492.30010437662713,0.0,547.0001159740302,0.0,547.0001159740302,547.0001159740302,0,"{'load': 1, 'battery': 0}",0,0.014700000000000001,1,0,0,0,0,"{'solar': 1, 'wind': 0, 'generator': 0}",285.0,0.0525,24.12,0.8999999999999999
2681,-193.80381016664393,0.0041202,193.79968996664394,0.0,322.9994832777399,0.0,323.0269512777399,323.0269512777399,0,"{'load': 1, 'battery': 1}",0,0.027468000000000003,0,0,0,0,0,"{'solar': 1, 'wind': 0, 'generator': 0}",285.0,0.0981,49.608,0.6
2682,-174.10171196840162,0.0,174.10171196840162,0.0,290.169519947336,0.0,290.169519947336,290.169519947336,0,"{'load': 1, 'battery': 1}",0,0.0,0,0,0,0,0,"{'solar': 0, 'wind': 0, 'generator': 0}",285.0,0.024,4.392,0.6
2683,-283.79827465085975,0.0437304,283.75454425085974,0.0,472.92424041809954,0.0,473.21577641809955,473.21577641809955,0,"{'load': 1, 'battery': 1}",0,0.291536,0,0,0,0,0,"{'solar': 1, 'wind': 0, 'generator': 0}",285.0,1.0412,19.152,0.6
2684,-142.30019577534847,23.591988,118.70820777534846,0.0,197.8470129589141,0.0,355.1269329589141,355.1269329589141,0,"{'load': 1, 'battery': 1}",0,157.27992,0,0,0,0,0,"{'solar': 1, 'wind': 0, 'generator': 0}",285.0,561.714,25.236,0.6
2685,-138.7260644087869,20.593444199999997,118.1326202087869,0.0,196.88770034797818,0.0,334.1773283479782,334.1773283479782,0,"{'load': 1, 'battery': 1}",0,137.289628,0,0,0,0,0,"{'solar': 1, 'wind': 0, 'generator': 0}",285.0,490.3201,26.676000000000002,0.6
2686,-508.9187216880686,0.0001302,508.9185914880686,0.0,565.4651016534096,0.0,565.4659696534096,565.4659696534096,0,"{'load': 1, 'battery': 1}",0,0.000868,0,0,0,0,0,"{'solar': 1, 'wind': 0, 'generator': 0}",285.0,0.0031,22.14,0.8999999999999999
2687,-183.7325970225878,0.001134,183.7314630225878,0.0,306.21910503764633,0.0,306.22666503764634,306.22666503764634,0,"{'load': 1, 'battery': 1}",0,0.00756,0,0,0,0,0,"{'solar': 1, 'wind': 0, 'generator': 0}",285.0,0.027,6.48,0.6
2688,-140.46963835288372,0.002692200000000001,140.4669461528837,0.0,234.11157692147287,0.0,234.12952492147286,234.12952492147286,0,"{'load': 1, 'battery': 1}",0,0.017948000000000006,0,0,0,0,0,"{'solar': 1, 'wind': 0, 'generator': 0}",285.0,0.0641,8.64,0.6
2689,-258.57035583437573,0.0,258.57035583437573,0.0,430.9505930572929,0.0,430.9505930572929,430.9505930572929,0,"{'load': 1, 'battery': 1}",0,0.0,2,0,0,0,0,"{'solar': 0, 'wind': 0, 'generator': 0}",285.0,6.1716,25.56,0.6
2690,-74.93638839221288,28.2480702,46.68831819221288,0.0,77.81386365368814,0.0,266.13433165368815,266.13433165368815,0,"{'load': 1, 'battery': 1}",0,188.320468,0,0,0,0,0,"{'solar': 1, 'wind': 0, 'generator': 0}",285.0,672.5731,21.996000000000002,0.6
2691,-109.7434112759555,21.182338800000007,88.56107247595548,0.0,147.60178745992582,0.0,288.81737945992586,288.81737945992586,0,"{'load': 1, 'battery': 0}",0,141.21559200000004,0,0,0,0,0,"{'solar': 1, 'wind': 0, 'generator': 0}",285.0,504.3414,5.976,0.6
2692,-424.185695796183,0.0103866,424.175309196183,0.0,471.30589910687,0.0,471.37514310687004,471.37514310687004,0,"{'load': 1, 'battery': 1}",0,0.069244,0,0,0,0,0,"{'solar': 1, 'wind': 0, 'generator': 0}",285.0,0.2473,31.895999999999997,0.8999999999999999
2693,-172.82400318717237,0.0,172.82400318717237,0.0,288.04000531195396,0.0,288.04000531195396,288.04000531195396,0,"{'load': 1, 'battery': 1}",0,0.0,0,0,0,0,0,"{'solar': 0, 'wind': 0, 'generator': 0}",285.0,0.0008,15.48,0.6
2694,-153.8471509035295,0.0009072354666666668,153.84624366806284,0.0,256.41040611343806,0.0,256.41040611343806,256.41040611343806,0,"{'load': 1, 'battery': 1}",0,0.006048000000000001,1,0,0,0,0,"{'solar': 1, 'wind': 0, 'generator': 0}",285.0,0.0216,5.796,0.6
2695,-182.88442682111852,0.7635851333333334,183.1368440877852,270.0,35.22807347964198,1.0160024000000003,305.228073479642,305.228073479642,1,"{'load': 1, 'battery': 1}",1,5.080012000000001,2,0,0,0,0,"{'solar': 1, 'wind': 0, 'generator': 0}",285.0,18.1429,3.708,0.6
2696,-65.11889668295629,32.213827800000004,32.90506888295628,0.0,54.841781471593805,0.0,269.6006334715938,269.6006334715938,0,"{'load': 1, 'battery': 1}",0,214.75885200000002,0,0,0,0,0,"{'solar': 1, 'wind': 0, 'generator': 0}",285.0,766.9959,23.759999999999998,0.6
2697,-140.8827470656415,0.0,140.8827470656415,0.0,234.80457844273585,0.0,234.80457844273585,234.80457844273585,0,"{'load': 1, 'battery': 1}",0,0.0,0,0,0,0,0,"{'solar': 0, 'wind': 0, 'generator': 0}",285.0,642.3281,19.296000000000003,0.6
2698,-432.0860915961571,0.056872200000000005,432.0292193961571,0.0,480.03246599573015,0.0,480.41161399573014,480.41161399573014,0,"{'load': 1, 'battery': 1}",0,0.37914800000000004,0,0,0,0,0,"{'solar': 1, 'wind': 0, 'generator': 0}",285.0,1.3541,9.360000000000001,0.8999999999999999
2699,-157.6865670191945,0.0,157.6865670191945,0.0,262.81094503199085,0.0,262.81094503199085,262.81094503199085,0,"{'load': 1, 'battery': 1}",0,0.0,1,0,0,0,0,"{'solar': 1, 'wind': 0, 'generator': 0}",285.0,0.0,10.08,0.6
2700,-83.4423418779708,0.0,83.4423418779708,0.0,139.070569796618,0.0,139.070569796618,139.070569796618,0,"{'load': 1, 'battery': 1}",0,0.0,2,0,0,0,0,"{'solar': 1, 'wind': 0, 'generator': 0}",285.0,0.0,25.236,0.6
2701,-157.67014890614342,3.9694871999999997,153.70066170614342,0.0,256.16776951023905,0.0,282.6310175102391,282.6310175102391,0,"{'load': 1, 'battery': 1}",0,26.463248,0,0,0,0,0,"{'solar': 1, 'wind': 0, 'generator': 0}",285.0,94.5116,22.176000000000002,0.6
2702,-38.947659810954455,33.710439,5.2372208109544545,0.0,8.728701351590757,0.0,233.46496135159077,233.46496135159077,0,"{'load': 1, 'battery': 1}",0,224.73626000000002,0,0,0,0,0,"{'solar': 1, 'wind': 0, 'generator': 0}",285.0,802.6295,2.9160000000000004,0.6
2703,-97.01392836819846,25.769881199999997,71.24404716819846,0.0,118.74007861366411,0.0,290.5392866136641,290.5392866136641,0,"{'load': 1, 'battery': 1}",0,171.799208,0,0,0,0,0,"{'solar': 1, 'wind': 0, 'generator': 0}",285.0,613.5686,10.296,0.6
2704,-407.9846437027738,0.22649760000000002,407.75814610277376,0.0,453.0646067808598,0.0,454.57459078085975,454.57459078085975,0,"{'load': 1, 'battery': 1}",0,1.5099840000000002,0,0,0,0,0,"{'solar': 1, 'wind': 0, 'generator': 0}",285.0,5.3928,26.676000000000002,0.8999999999999999
2705,-116.40013693503163,0.0001932,116.39994373503163,0.0,193.9999062250527,0.0,194.0011942250527,194.0011942250527,0,"{'load': 1, 'battery': 1}",0,0.001288,0,0,0,0,0,"{'solar': 1, 'wind': 0, 'generator': 0}",285.0,0.0046,17.424,0.6
2706,-84.64048417771674,0.0021755999999999998,84.63830857771674,0.0,141.0638476295279,0.0,141.0783516295279,141.0783516295279,0,"{'load': 1, 'battery': 1}",0,0.014504,0,0,0,0,0,"{'solar': 1, 'wind': 0, 'generator': 0}",285.0,0.0518,16.344,0.6
2707,-155.05986855198952,0.0,155.05986855198952,0.0,258.43311425331586,0.0,258.43311425331586,258.43311425331586,0,"{'load': 1, 'battery': 1}",0,0.0,0,0,0,0,0,"{'solar': 0, 'wind': 0, 'generator': 0}",285.0,240.9805,3.3120000000000003,0.6
2708,-65.79291298947591,37.8192906,27.973622389475906,0.0,14.722959152355742,0.0,266.85156315235577,266.85156315235577,0,"{'load': 1, 'battery': 1}",0,252.12860400000002,0,0,0,0,0,"{'solar': 1, 'wind': 0, 'generator': 0}",285.0,900.4593,19.188000000000002,1.9
2709,-1217.6952691742345,33.44793473333333,1184.247334440901,270.0,68.3563812688289,0.0,373.1345786661956,492.97567599999996,1,"{'load': 1, 'battery': 1}",1,222.97567599999996,0,0,0,0,0,"{'solar': 1, 'wind': 0, 'generator': 0}",285.0,796.3417,8.424,3.5
2710,-902.5383289443016,1.0628562,901.4754727443016,0.0,474.46077512857977,0.0,481.5464831285798,481.5464831285798,0,"{'load': 1, 'battery': 1}",0,7.085708,0,0,0,0,0,"{'solar': 1, 'wind': 0, 'generator': 0}",285.0,25.3061,16.848,1.9
2711,-131.39102367325873,0.0,131.39102367325873,0.0,218.98503945543123,0.0,218.98503945543123,218.98503945543123,0,"{'load': 1, 'battery': 1}",0,0.0,0,0,0,0,0,"{'solar': 0, 'wind': 0, 'generator': 0}",285.0,0.0641,4.464,0.6
2712,-92.31366459199015,0.0,92.31366459199015,0.0,153.8561076533169,0.0,153.8561076533169,153.8561076533169,0,"{'load': 1, 'battery': 1}",0,0.0,1,0,0,0,0,"{'solar': 0, 'wind': 0, 'generator': 0}",285.0,0.0796,4.392,0.6
2713,-149.86441421692788,4.3826034,145.4818108169279,0.0,242.46968469487985,0.0,271.68704069487984,271.68704069487984,0,"{'load': 1, 'battery': 1}",0,29.217356,0,0,0,0,0,"{'solar': 1, 'wind': 0, 'generator': 0}",285.0,104.3477,3.8160000000000003,0.6
2714,-124.13759636650207,39.924045,84.21355136650207,0.0,44.3229217718432,0.0,310.4832217718432,310.4832217718432,0,"{'load': 1, 'battery': 1}",0,266.1603,0,0,0,0,0,"{'solar': 1, 'wind': 0, 'generator': 0}",285.0,950.5725,6.3,1.9
2715,-835.4409698633291,31.801967400000002,803.6390024633291,0.0,229.61114356095118,0.0,441.6242595609512,441.6242595609512,0,"{'load': 1, 'battery': 1}",0,212.01311600000002,0,0,0,0,0,"{'solar': 1, 'wind': 0, 'generator': 0}",285.0,757.1897,7.272,3.5
2716,-925.5963585450052,2.6805828,922.9157757450051,0.0,485.74514512895007,0.0,503.61569712895005,503.61569712895005,0,"{'load': 1, 'battery': 1}",0,17.870552,0,0,0,0,0,"{'solar': 1, 'wind': 0, 'generator': 0}",285.0,63.8234,6.372,1.9
2717,-144.49122336714902,0.0056153999999999996,144.485607967149,0.0,240.80934661191503,0.0,240.84678261191505,240.84678261191505,0,"{'load': 1, 'battery': 1}",0,0.037436,0,0,0,0,0,"{'solar': 1, 'wind': 0, 'generator': 0}",285.0,0.1337,11.124,0.6
2718,-93.56286680575975,0.0,93.56286680575975,0.0,155.93811134293293,0.0,155.93811134293293,155.93811134293293,0,"{'load': 1, 'battery': 1}",0,0.0,0,0,0,0,0,"{'solar': 1, 'wind': 0, 'generator': 0}",285.0,0.0,24.984,0.6
2719,-166.28625211133973,2.8997555604975305,163.3864965508422,0.0,272.310827584737,0.0,272.310827584737,272.310827584737,0,"{'load': 1, 'battery': 1}",0,19.330948,1,0,0,0,0,"{'solar': 1, 'wind': 0, 'generator': 0}",285.0,69.0391,5.04,0.6
2720,-301.61934300904034,30.7455792,270.8737638090403,0.0,142.56513884686333,0.0,347.53566684686336,347.53566684686336,0,"{'load': 1, 'battery': 1}",0,204.97052800000003,0,0,0,0,0,"{'solar': 1, 'wind': 0, 'generator': 0}",285.0,732.0376,4.464,1.9
2721,-1077.307037739922,32.6439078,1044.6631299399219,0.0,298.47517998283485,0.0,516.1012319828349,516.1012319828349,0,"{'load': 1, 'battery': 0}",0,217.62605200000002,0,0,0,0,0,"{'solar': 1, 'wind': 0, 'generator': 0}",285.0,777.2359,13.716000000000001,3.5
2722,-1052.1034004271758,2.4219342,1049.6814662271759,0.0,552.4639295932504,0.0,568.6101575932504,568.6101575932504,0,"{'load': 1, 'battery': 1}",0,16.146228,0,0,0,0,0,"{'solar': 1, 'wind': 0, 'generator': 0}",285.0,57.6651,6.12,1.9
2723,-168.66157618532765,0.0013944,168.66018178532764,0.0,281.1003029755461,0.0,281.1095989755461,281.1095989755461,0,"{'load': 1, 'battery': 1}",0,0.009296,0,0,0,0,0,"{'solar': 1, 'wind': 0, 'generator': 0}",285.0,0.0332,5.508,0.6
2724,-108.85139051603187,0.0025284000000000005,108.85223331603187,0.0,181.42038886005312,0.003371200000000001,181.42038886005312,181.42038886005312,0,"{'load': 1, 'battery': 1}",0,0.016856000000000003,2,0,0,0,0,"{'solar': 1, 'wind': 0, 'generator': 0}",285.0,0.0602,11.735999999999999,0.6
2725,-149.2747407623514,9.892902599999998,139.38183816235141,0.0,232.30306360391904,0.0,298.255747603919,298.255747603919,0,"{'load': 1, 'battery': 1}",0,65.95268399999999,0,0,0,0,0,"{'solar': 1, 'wind': 0, 'generator': 0}",285.0,235.5453,2.16,0.6
2726,-552.9684956517539,17.6655108,535.3029848517539,0.0,281.7384130798705,0.0,399.50848507987047,399.5084850798705,0,"{'load': 1, 'battery': 1}",0,117.770072,0,0,0,0,0,"{'solar': 1, 'wind': 0, 'generator': 0}",285.0,420.6074,7.416,1.9
2727,-1145.5303235730373,32.8089384,812.7213851730373,0.0,232.20611004943925,0.0,535.6497585079967,218.72625600000003,0,"{'load': 0, 'battery': 1}",0,218.72625600000003,0,0,0,0,0,"{'solar': 1, 'wind': 0, 'generator': 0}",285.0,781.1652,16.128000000000004,3.5
2728,-1098.1628000953442,1.6123211999999998,1096.5504788953442,0.0,577.1318309975496,0.0,587.8806389975497,587.8806389975497,0,"{'load': 1, 'battery': 1}",0,10.748807999999999,0,0,0,0,0,"{'solar': 1, 'wind': 0, 'generator': 0}",285.0,38.3886,23.040000000000003,1.9
2729,-168.04190816376112,0.003796948434567901,168.03811121532655,0.0,280.06351869221095,0.0,280.06351869221095,280.06351869221095,0,"{'load': 1, 'battery': 1}",0,0.025311999999999998,1,0,0,0,0,"{'solar': 1, 'wind': 0, 'generator': 0}",285.0,0.0904,17.64,0.6
2730,-107.92886363559664,0.0019782,107.92688543559665,0.0,179.8781423926611,0.0,179.8913303926611,179.8913303926611,0,"{'load': 1, 'battery': 1}",0,0.013188,0,0,0,0,0,"{'solar': 1, 'wind': 0, 'generator': 0}",285.0,0.0471,1.836,0.6
2731,-117.6925316319928,4.624477199999999,113.06805443199279,0.0,188.44675738665467,0.0,219.27660538665467,219.27660538665467,0,"{'load': 1, 'battery': 1}",0,30.829848,0,0,0,0,0,"{'solar': 1, 'wind': 0, 'generator': 0}",285.0,110.1066,13.356,0.6
2732,-546.537413188349,0.0,546.537413188349,0.0,287.65127009913107,0.0,287.65127009913107,287.65127009913107,0,"{'load': 1, 'battery': 1}",0,0.0,0,0,0,0,0,"{'solar': 0, 'wind': 0, 'generator': 0}",285.0,850.0993,5.688000000000001,1.9
2733,-1168.016434099153,29.7255882,1138.290845899153,0.0,325.2259559711866,0.0,523.3965439711866,523.3965439711866,0,"{'load': 1, 'battery': 1}",0,198.170588,0,0,0,0,0,"{'solar': 1, 'wind': 0, 'generator': 0}",285.0,707.7521,26.136,3.5
2734,-1123.8531089780363,0.0,1123.8531089780363,0.0,591.5016363042297,0.0,591.5016363042297,591.5016363042297,0,"{'load': 1, 'battery': 1}",0,0.0,0,0,0,0,0,"{'solar': 0, 'wind': 0, 'generator': 0}",285.0,9.0612,16.92,1.9
2735,-158.7534491394287,0.0,158.7534491394287,0.0,264.58908189904787,0.0,264.58908189904787,264.58908189904787,0,"{'load': 1, 'battery': 1}",0,0.0,1,0,0,0,0,"{'solar': 0, 'wind': 0, 'generator': 0}",285.0,0.0471,10.692,0.6
2736,-104.77640755534799,0.001134,104.775273555348,0.0,174.62545592557998,0.0,174.63301592558,174.63301592558,0,"{'load': 1, 'battery': 1}",0,0.00756,0,0,0,0,0,"{'solar': 1, 'wind': 0, 'generator': 0}",285.0,0.027,12.816,0.6
2737,-164.3852214910324,5.7615137999999995,158.62370769103242,0.0,264.3728461517207,0.0,302.7829381517207,302.7829381517207,0,"{'load': 1, 'battery': 0}",0,38.410092,0,0,0,0,0,"{'solar': 1, 'wind': 0, 'generator': 0}",285.0,137.1789,1.836,0.6
2738,-302.1677375680079,32.9057988,269.2619387680079,0.0,141.7168098778989,0.0,361.0888018778989,361.0888018778989,0,"{'load': 1, 'battery': 1}",0,219.371992,0,0,0,0,0,"{'solar': 1, 'wind': 0, 'generator': 0}",285.0,783.4714,7.704000000000001,1.9
2739,-1622.2147474124179,0.0,1622.2147474124179,0.0,463.4899278321194,0.0,463.4899278321194,463.4899278321194,0,"{'load': 1, 'battery': 1}",0,0.0,0,0,0,0,0,"{'solar': 0, 'wind': 0, 'generator': 0}",285.0,613.9426,5.688000000000001,3.5
2740,-1346.894473387654,0.0,1046.894473387654,0.0,550.99709125666,0.0,576.0151004442099,0.0,0,"{'load': 0, 'battery': 0}",0,0.0,0,0,0,0,0,"{'solar': 0, 'wind': 0, 'generator': 0}",285.0,0.2224,10.836,1.9
2741,-131.55031386797467,0.0019152,131.54839866797465,0.0,219.2473311132911,0.0,219.2600991132911,219.2600991132911,0,"{'load': 1, 'battery': 1}",0,0.012768,0,0,0,0,0,"{'solar': 1, 'wind': 0, 'generator': 0}",285.0,0.0456,4.032000000000001,0.6
2742,-86.51171076074884,0.0033095999999999998,86.50840116074885,0.0,144.18066860124807,0.0,144.20273260124807,144.20273260124807,0,"{'load': 1, 'battery': 1}",0,0.022064,0,0,0,0,0,"{'solar': 1, 'wind': 0, 'generator': 0}",285.0,0.0788,18.791999999999998,0.6
2743,-181.6921130017998,3.1324272,178.55968580179982,0.0,297.59947633633305,0.0,318.4823243363331,318.4823243363331,0,"{'load': 1, 'battery': 1}",0,20.882848,0,0,0,0,0,"{'solar': 1, 'wind': 0, 'generator': 0}",285.0,74.5816,6.8759999999999994,0.6
2744,-176.37274801306512,29.5979376,186.23872721306512,0.0,310.3978786884419,39.46391680000001,310.3978786884419,310.3978786884419,0,"{'load': 1, 'battery': 1}",0,197.31958400000002,2,0,0,0,0,"{'solar': 1, 'wind': 0, 'generator': 0}",285.0,704.7128,5.184,0.6
2745,-167.09342604360006,20.5567782,146.53664784360006,0.0,244.2277464060001,0.0,381.2729344060001,381.2729344060001,0,"{'load': 1, 'battery': 1}",0,137.045188,0,0,0,0,0,"{'solar': 1, 'wind': 0, 'generator': 0}",285.0,489.4471,10.404,0.6
2746,-455.78001605252376,0.0,455.78001605252376,0.0,506.42224005835976,0.0,506.42224005835976,506.42224005835976,0,"{'load': 1, 'battery': 1}",0,0.0,1,0,0,0,0,"{'solar': 0, 'wind': 0, 'generator': 0}",285.0,0.0394,9.288,0.8999999999999999
2747,-115.86540366336185,0.0019487999999999997,115.86345486336185,0.0,193.1057581056031,0.0,193.11875010560308,193.11875010560308,0,"{'load': 1, 'battery': 1}",0,0.012991999999999998,0,0,0,0,0,"{'solar': 1, 'wind': 0, 'generator': 0}",285.0,0.0464,12.78,0.6
2748,-83.79371053488323,0.002919114117283951,83.79079142076594,0.0,139.6513190346099,0.0,139.6513190346099,139.6513190346099,0,"{'load': 1, 'battery': 1}",0,0.019460000000000005,1,0,0,0,0,"{'solar': 1, 'wind': 0, 'generator': 0}",285.0,0.0695,13.428,0.6
2749,-171.27526799395667,1.4951370000000002,169.78013099395667,0.0,282.9668849899278,0.0,292.9344649899278,292.9344649899278,0,"{'load': 1, 'battery': 1}",0,9.967580000000002,0,0,0,0,0,"{'solar': 1, 'wind': 0, 'generator': 0}",285.0,35.5985,12.78,0.6
2750,-80.68758644049235,26.9093748,53.77821164049235,0.0,89.63035273415392,0.0,269.0261847341539,269.0261847341539,0,"{'load': 1, 'battery': 1}",0,179.39583199999998,0,0,0,0,0,"{'solar': 1, 'wind': 0, 'generator': 0}",285.0,640.6994,5.652,0.6
2751,-115.15359946477261,17.639958,97.51364146477262,0.0,162.52273577462103,0.0,280.122455774621,280.122455774621,0,"{'load': 1, 'battery': 1}",0,117.59972,0,0,0,0,0,"{'solar': 1, 'wind': 0, 'generator': 0}",285.0,419.999,56.268,0.6
2752,-452.10025023349607,0.0013608531999999998,452.09888938029604,0.0,502.3320993114401,0.0,502.3320993114401,502.3320993114401,0,"{'load': 1, 'battery': 1}",0,0.009072,1,0,0,0,0,"{'solar': 1, 'wind': 0, 'generator': 0}",285.0,0.0324,20.52,0.8999999999999999
2753,-160.60012441754216,0.0037632000000000004,160.59636121754215,0.0,267.66060202923694,0.0,267.6856900292369,267.6856900292369,0,"{'load': 1, 'battery': 1}",0,0.025088000000000003,0,0,0,0,0,"{'solar': 1, 'wind': 0, 'generator': 0}",285.0,0.0896,16.308,0.6
2754,-79.85959913417469,0.0049645940814814805,79.8546345400932,0.0,133.091057566822,0.0,133.091057566822,133.091057566822,0,"{'load': 1, 'battery': 1}",0,0.033095999999999993,1,0,0,0,0,"{'solar': 1, 'wind': 0, 'generator': 0}",285.0,0.1182,29.628000000000004,0.6
2755,-176.99102915989747,0.2586108,177.07723275989744,0.0,295.12872126649575,0.3448144,295.12872126649575,295.12872126649575,0,"{'load': 1, 'battery': 1}",0,1.724072,2,0,0,0,0,"{'solar': 1, 'wind': 0, 'generator': 0}",285.0,6.1574,26.82,0.6
2756,-80.36223175461708,22.8902058,57.47202595461709,0.0,95.78670992436182,0.0,248.3880819243618,248.3880819243618,0,"{'load': 1, 'battery': 1}",0,152.601372,0,0,0,0,0,"{'solar': 1, 'wind': 0, 'generator': 0}",285.0,545.0049,49.14,0.6
2757,-158.4110805150431,1.144611946454321,157.26646856858878,0.0,262.110780947648,0.0,262.110780947648,262.110780947648,0,"{'load': 1, 'battery': 1}",0,7.630448,1,0,0,0,0,"{'solar': 1, 'wind': 0, 'generator': 0}",285.0,27.2516,9.0,0.6
2758,-471.6194300613173,0.0,471.6194300613173,0.0,524.0215889570193,0.0,524.0215889570193,524.0215889570193,0,"{'load': 1, 'battery': 1}",0,0.0,1,0,0,0,0,"{'solar': 0, 'wind': 0, 'generator': 0}",285.0,0.0216,15.192,0.8999999999999999
2759,-187.67702546672453,0.0,187.67702546672453,0.0,312.7950424445409,0.0,312.7950424445409,312.7950424445409,0,"{'load': 1, 'battery': 1}",0,0.0,1,0,0,0,0,"{'solar': 0, 'wind': 0, 'generator': 0}",285.0,0.0572,5.9399999999999995,0.6
2760,-139.45975194092287,0.005422199999999999,139.45432974092287,0.0,232.42388290153812,0.0,232.46003090153812,232.46003090153812,0,"{'load': 1, 'battery': 1}",0,0.036148,0,0,0,0,0,"{'solar': 1, 'wind': 0, 'generator': 0}",285.0,0.1291,6.984,0.6
2761,-267.5877292807236,1.2180503999999999,266.3696788807236,0.0,443.94946480120603,0.0,452.06980080120604,452.06980080120604,0,"{'load': 1, 'battery': 1}",0,8.120336,0,0,0,0,0,"{'solar': 1, 'wind': 0, 'generator': 0}",285.0,29.0012,7.164,0.6
2762,-127.14492355886401,20.873924400000003,106.270999158864,0.0,177.11833193144,0.0,316.27782793144,316.27782793144,0,"{'load': 1, 'battery': 0}",0,139.15949600000002,0,0,0,0,0,"{'solar': 1, 'wind': 0, 'generator': 0}",285.0,496.9982,11.592,0.6
2763,-99.88841335322142,16.152108000000002,83.73630535322143,0.0,139.56050892203572,0.0,247.24122892203573,247.24122892203573,0,"{'load': 1, 'battery': 0}",0,107.68072000000001,0,0,0,0,0,"{'solar': 1, 'wind': 0, 'generator': 0}",285.0,384.574,7.056,0.6
2764,-498.91712407053296,0.0,498.91712407053296,0.0,554.35236007837,0.0,554.35236007837,554.35236007837,0,"{'load': 1, 'battery': 1}",0,0.0,2,0,0,0,0,"{'solar': 0, 'wind': 0, 'generator': 0}",285.0,0.0417,27.864,0.8999999999999999
2765,-201.48661318759102,0.004153800000000001,201.487997787591,0.0,335.81332964598505,0.0055384000000000015,335.81332964598505,335.81332964598505,0,"{'load': 1, 'battery': 0}",0,0.027692000000000005,2,0,0,0,0,"{'solar': 1, 'wind': 0, 'generator': 0}",285.0,0.0989,25.452,0.6
2766,-161.79000120014405,0.0015582000000000003,161.78844300014404,0.0,269.6474050002401,0.0,269.6577930002401,269.6577930002401,0,"{'load': 1, 'battery': 0}",0,0.010388000000000001,0,0,0,0,0,"{'solar': 1, 'wind': 0, 'generator': 0}",285.0,0.0371,17.64,0.6
2767,-302.04037455308,0.0367374,302.05262035308004,0.0,503.4210339218001,0.04898320000000001,503.4210339218001,503.4210339218001,0,"{'load': 1, 'battery': 1}",0,0.24491600000000005,2,0,0,0,0,"{'solar': 1, 'wind': 0, 'generator': 0}",285.0,0.8747,19.152,0.6
2768,-179.60408204766898,11.9616588,167.64242324766897,0.0,279.40403874611496,0.0,359.14843074611497,359.14843074611497,0,"{'load': 1, 'battery': 1}",0,79.744392,0,0,0,0,0,"{'solar': 1, 'wind': 0, 'generator': 0}",285.0,284.8014,18.720000000000002,0.6
2769,-167.96632095671347,11.813453399999998,171.90413875671348,0.0,286.5068979278558,15.7512712,286.5068979278558,286.5068979278558,0,"{'load': 1, 'battery': 1}",0,78.756356,2,0,0,0,0,"{'solar': 1, 'wind': 0, 'generator': 0}",285.0,281.2727,34.632,0.6
2770,-464.0104030300383,0.0,464.0104030300383,0.0,515.5671144778204,0.0,515.5671144778204,515.5671144778204,0,"{'load': 1, 'battery': 1}",0,0.0,1,0,0,0,0,"{'solar': 0, 'wind': 0, 'generator': 0}",285.0,0.0209,27.828000000000003,0.8999999999999999
2771,-192.56645362536415,0.0019782,192.56447542536415,0.0,320.9407923756069,0.0,320.95398037560693,320.95398037560693,0,"{'load': 1, 'battery': 1}",0,0.013188,0,0,0,0,0,"{'solar': 1, 'wind': 0, 'generator': 0}",285.0,0.0471,19.8,0.6
2772,-189.45041270226656,0.0023057999999999998,189.44810690226657,0.0,315.746844837111,0.0,315.762216837111,315.762216837111,0,"{'load': 1, 'battery': 0}",0,0.015372,0,0,0,0,0,"{'solar': 1, 'wind': 0, 'generator': 0}",285.0,0.0549,19.008000000000003,0.6
2773,-259.0246397232733,0.09893100000000002,258.9257087232733,0.0,431.5428478721222,0.0,432.2023878721222,432.2023878721222,0,"{'load': 1, 'battery': 1}",0,0.6595400000000001,0,0,0,0,0,"{'solar': 1, 'wind': 0, 'generator': 0}",285.0,2.3555,29.376,0.6
2774,-151.06788709784448,17.9357598,133.13212729784448,0.0,221.8868788297408,0.0,341.4586108297408,341.4586108297408,0,"{'load': 1, 'battery': 1}",0,119.57173200000001,0,0,0,0,0,"{'solar': 1, 'wind': 0, 'generator': 0}",285.0,427.0419,4.032000000000001,0.6
2775,-154.1461984781779,2.2329258,151.9132726781779,0.0,253.18878779696314,0.0,268.0749597969631,268.0749597969631,0,"{'load': 1, 'battery': 1}",0,14.886172,0,0,0,0,0,"{'solar': 1, 'wind': 0, 'generator': 0}",285.0,53.1649,36.576,0.6
2776,-456.55633384023923,0.001848,456.55448584023924,0.0,507.2827620447103,0.0,507.2950820447103,507.2950820447103,0,"{'load': 1, 'battery': 1}",0,0.012320000000000001,0,0,0,0,0,"{'solar': 1, 'wind': 0, 'generator': 0}",285.0,0.044,19.908,0.8999999999999999
2777,-175.09421439099188,0.001071,175.09314339099188,0.0,291.82190565165314,0.0,291.82904565165313,291.82904565165313,0,"{'load': 1, 'battery': 1}",0,0.00714,0,0,0,0,0,"{'solar': 1, 'wind': 0, 'generator': 0}",285.0,0.0255,15.984000000000002,0.6
2778,-122.0067710323878,0.0040908,122.0026802323878,0.0,203.33780038731302,0.0,203.36507238731303,203.36507238731303,0,"{'load': 1, 'battery': 1}",0,0.027272000000000005,0,0,0,0,0,"{'solar': 1, 'wind': 0, 'generator': 0}",285.0,0.0974,10.476,0.6
2779,-207.09004803219838,0.0,207.09004803219838,0.0,345.150080053664,0.0,345.150080053664,345.150080053664,0,"{'load': 1, 'battery': 1}",0,0.0,0,0,0,0,0,"{'solar': 0, 'wind': 0, 'generator': 0}",285.0,8.1365,9.684,0.6
2780,-100.45674483464984,31.8546606,68.60208423464984,0.0,114.33680705774972,0.0,326.70121105774973,326.70121105774973,0,"{'load': 1, 'battery': 1}",0,212.364404,0,0,0,0,0,"{'solar': 1, 'wind': 0, 'generator': 0}",285.0,758.4443,6.228,0.6
2781,-60.39438000070186,27.108475800000004,33.28590420070185,0.0,55.47650700116975,0.0,236.19967900116978,236.19967900116978,0,"{'load': 1, 'battery': 1}",0,180.72317200000003,0,0,0,0,0,"{'solar': 1, 'wind': 0, 'generator': 0}",285.0,645.4399,5.076,0.6
2782,-415.62548431102806,0.0,415.62548431102806,0.0,461.8060936789201,0.0,461.8060936789201,461.8060936789201,0,"{'load': 1, 'battery': 1}",0,0.0,0,0,0,0,0,"{'solar': 0, 'wind': 0, 'generator': 0}",285.0,1.004,5.256,0.8999999999999999
2783,-163.9104482804622,0.0007476292271604937,163.90970065123503,0.0,273.18283441872507,0.0,273.18283441872507,273.18283441872507,0,"{'load': 1, 'battery': 1}",0,0.004984,1,0,0,0,0,"{'solar': 1, 'wind': 0, 'generator': 0}",285.0,0.0178,10.512,0.6
2784,-103.50165224077313,0.0031164000000000005,103.49853584077313,0.0,172.4975597346219,0.0,172.5183357346219,172.5183357346219,0,"{'load': 1, 'battery': 1}",0,0.020776000000000003,0,0,0,0,0,"{'solar': 1, 'wind': 0, 'generator': 0}",285.0,0.0742,9.972,0.6
2785,-471.1805020937339,3.9342324000000004,167.24626969373386,0.0,278.7437828228898,0.0,304.9719988228898,304.97199882288976,0,"{'load': 1, 'battery': 1}",0,26.228216000000003,0,0,0,0,0,"{'solar': 1, 'wind': 0, 'generator': 0}",285.0,93.6722,1.476,0.6
2786,-56.967694924287414,35.6608182,21.30687672428741,0.0,35.511461207145686,0.0,227.69194708621094,237.738788,0,"{'load': 1, 'battery': 1}",0,237.738788,0,0,0,0,0,"{'solar': 1, 'wind': 0, 'generator': 0}",285.0,849.0671,24.66,0.6
2787,-73.25224483276509,30.920185800000002,42.33205903276508,0.0,70.55343172127513,0.0,276.68800372127515,276.68800372127515,0,"{'load': 1, 'battery': 1}",0,206.13457200000002,0,0,0,0,0,"{'solar': 1, 'wind': 0, 'generator': 0}",285.0,736.1949,4.86,0.6
2788,-395.1803587270197,0.16963799999999998,395.0107207270197,0.0,438.9008008077997,0.0,440.03172080779973,440.03172080779973,0,"{'load': 1, 'battery': 0}",0,1.13092,0,0,0,0,0,"{'solar': 1, 'wind': 0, 'generator': 0}",285.0,4.039,2.736,0.8999999999999999
2789,-113.73254152002183,0.0,113.73254152002183,0.0,189.55423586670304,0.0,189.55423586670304,189.55423586670304,0,"{'load': 1, 'battery': 0}",0,0.0,1,0,0,0,0,"{'solar': 0, 'wind': 0, 'generator': 0}",285.0,0.0,15.3,0.6
2790,-84.78805948169706,0.007791304586419753,84.78026817711064,0.0,141.30044696185107,0.0,141.30044696185107,141.30044696185107,0,"{'load': 1, 'battery': 1}",0,0.05194,1,0,0,0,0,"{'solar': 1, 'wind': 0, 'generator': 0}",285.0,0.1855,15.120000000000001,0.6
2791,-168.07369526130267,8.378659747966667,159.695035513336,0.0,266.1583925222267,0.0,266.1583925222267,266.1583925222267,0,"{'load': 1, 'battery': 1}",0,55.855548000000006,1,0,0,0,0,"{'solar': 1, 'wind': 0, 'generator': 0}",285.0,199.4841,4.212,0.6
2792,-56.329470673496786,38.201368800000004,18.128101873496785,0.0,30.213503122494643,0.0,249.67088918474795,254.67579200000003,0,"{'load': 1, 'battery': 1}",0,254.67579200000003,0,0,0,0,0,"{'solar': 1, 'wind': 0, 'generator': 0}",285.0,909.5564,9.792000000000002,0.6
2793,-390.0767936191141,32.9736876,357.1031060191141,0.0,102.02945886260403,0.0,321.85404286260405,321.85404286260405,0,"{'load': 1, 'battery': 1}",0,219.82458400000002,0,0,0,0,0,"{'solar': 1, 'wind': 0, 'generator': 0}",285.0,785.0878,13.428,3.5
2794,-896.9464355853354,1.1822454,895.7641901853353,0.0,471.4548369396502,0.0,479.3364729396502,479.3364729396502,0,"{'load': 1, 'battery': 1}",0,7.881636,0,0,0,0,0,"{'solar': 1, 'wind': 0, 'generator': 0}",285.0,28.1487,22.356,1.9
2795,-126.89078005929129,0.0,126.89078005929129,0.0,211.48463343215215,0.0,211.48463343215215,211.48463343215215,0,"{'load': 1, 'battery': 1}",0,0.0,1,0,0,0,0,"{'solar': 1, 'wind': 0, 'generator': 0}",285.0,0.0,3.6,0.6
2796,-87.52354031845388,0.002562100160493827,87.5209782182934,0.0,145.868297030489,0.0,145.868297030489,145.868297030489,0,"{'load': 1, 'battery': 1}",0,0.017079999999999998,1,0,0,0,0,"{'solar': 1, 'wind': 0, 'generator': 0}",285.0,0.061,4.680000000000001,0.6
2797,-141.06273534075285,5.090038799999999,135.97269654075285,0.0,226.62116090125474,0.0,260.55475290125474,260.55475290125474,0,"{'load': 1, 'battery': 1}",0,33.933592,0,0,0,0,0,"{'solar': 1, 'wind': 0, 'generator': 0}",285.0,121.1914,17.532,0.6
2798,-110.0402741723446,38.635707599999996,71.40456657234459,0.0,37.581350827549784,0.0,295.15273482754975,295.15273482754975,0,"{'load': 1, 'battery': 0}",0,257.57138399999997,0,0,0,0,0,"{'solar': 1, 'wind': 0, 'generator': 0}",285.0,919.8978,18.791999999999998,1.9
2799,-487.1585061823376,31.2206538,455.9378523823376,0.0,130.26795782352502,0.0,338.40564982352504,338.40564982352504,0,"{'load': 1, 'battery': 1}",0,208.13769200000002,0,0,0,0,0,"{'solar': 1, 'wind': 0, 'generator': 0}",285.0,743.3489,28.116,3.5
2800,-951.0494587694662,2.7091512,948.3403075694663,0.0,499.1264776681402,0.0,517.1874856681402,517.1874856681402,0,"{'load': 1, 'battery': 1}",0,18.061008,0,0,0,0,0,"{'solar': 1, 'wind': 0, 'generator': 0}",285.0,64.5036,5.436,1.9
2801,-145.83881080658696,0.00032341264320987656,145.83848739394375,0.0,243.06414565657295,0.0,243.06414565657295,243.06414565657295,0,"{'load': 1, 'battery': 1}",0,0.002156,1,0,0,0,0,"{'solar': 1, 'wind': 0, 'generator': 0}",285.0,0.0077,14.652000000000001,0.6
2802,-91.21224010269839,0.005418,91.20682210269838,0.0,152.01137017116397,0.0,152.047490171164,152.047490171164,0,"{'load': 1, 'battery': 1}",0,0.03612,0,0,0,0,0,"{'solar': 1, 'wind': 0, 'generator': 0}",285.0,0.129,8.784,0.6
2803,-163.43240950381082,0.0,163.43240950381082,0.0,272.38734917301804,0.0,272.38734917301804,272.38734917301804,0,"{'load': 1, 'battery': 1}",0,0.0,0,0,0,0,0,"{'solar': 0, 'wind': 0, 'generator': 0}",285.0,227.1135,21.6,0.6
2804,-213.11018172751412,38.7434208,174.36676092751412,0.0,91.77197943553375,0.0,350.0614514355338,350.0614514355338,0,"{'load': 1, 'battery': 1}",0,258.28947200000005,0,0,0,0,0,"{'solar': 1, 'wind': 0, 'generator': 0}",285.0,922.4624,4.680000000000001,1.9
2805,-1601.3389352385143,33.3149082,1612.4439046385144,0.0,460.69825846814695,44.41987760000001,460.69825846814695,460.69825846814695,0,"{'load': 1, 'battery': 1}",0,222.099388,2,0,0,0,0,"{'solar': 1, 'wind': 0, 'generator': 0}",285.0,793.2121,23.076,3.5
2806,-1023.9083304303844,2.3595264,1021.5488040303843,0.0,537.6572652791497,0.0,553.3874412791497,553.3874412791497,0,"{'load': 1, 'battery': 1}",0,15.730176000000002,0,0,0,0,0,"{'solar': 1, 'wind': 0, 'generator': 0}",285.0,56.1792,7.272,1.9
2807,-152.07743339189716,0.0035994000000000004,152.07863319189715,0.0,253.46438865316193,0.004799200000000001,253.46438865316193,253.46438865316193,0,"{'load': 1, 'battery': 1}",0,0.023996000000000003,2,0,0,0,0,"{'solar': 1, 'wind': 0, 'generator': 0}",285.0,0.0857,2.592,0.6
2808,-105.28275416350095,0.0,105.28275416350095,0.0,175.47125693916826,0.0,175.47125693916826,175.47125693916826,0,"{'load': 1, 'battery': 1}",0,0.0,1,0,0,0,0,"{'solar': 0, 'wind': 0, 'generator': 0}",285.0,0.0548,11.16,0.6
2809,-174.47384273314614,3.1759728000000003,171.29786993314613,0.0,285.4964498885769,0.0,306.6696018885769,306.6696018885769,0,"{'load': 1, 'battery': 0}",0,21.173152,0,0,0,0,0,"{'solar': 1, 'wind': 0, 'generator': 0}",285.0,75.6184,13.536,0.6
2810,-295.3056753025878,38.2990482,257.0066271025878,0.0,135.26664584346727,0.0,390.5936338434673,390.5936338434673,0,"{'load': 1, 'battery': 1}",0,255.326988,0,0,0,0,0,"{'solar': 1, 'wind': 0, 'generator': 0}",285.0,911.8821,7.920000000000001,1.9
2811,-1169.6382564112125,33.545379,1136.0928774112126,0.0,324.5979649746322,0.0,548.2338249746322,548.2338249746322,0,"{'load': 1, 'battery': 1}",0,223.63585999999998,0,0,0,0,0,"{'solar': 1, 'wind': 0, 'generator': 0}",285.0,798.6995,12.276000000000002,3.5
2812,-1094.7803152986169,1.5761634,1093.2041518986168,0.0,575.37060626243,0.0,585.87836226243,585.87836226243,0,"{'load': 1, 'battery': 1}",0,10.507756,0,0,0,0,0,"{'solar': 1, 'wind': 0, 'generator': 0}",285.0,37.5277,11.879999999999999,1.9
2813,-164.38618782857222,0.0009072000000000002,164.38528062857222,0.0,273.97546771428705,0.0,273.98151571428707,273.98151571428707,0,"{'load': 1, 'battery': 1}",0,0.006048000000000001,0,0,0,0,0,"{'solar': 1, 'wind': 0, 'generator': 0}",285.0,0.0216,9.936,0.6
2814,-107.60121865010514,0.0015582000000000003,107.59966045010513,0.0,179.3327674168419,0.0,179.3431554168419,179.3431554168419,0,"{'load': 1, 'battery': 1}",0,0.010388000000000001,0,0,0,0,0,"{'solar': 1, 'wind': 0, 'generator': 0}",285.0,0.0371,7.2,0.6
2815,-155.7810510232098,8.148693000000002,147.6323580232098,0.0,246.05393003868303,0.0,300.37855003868304,300.37855003868304,0,"{'load': 1, 'battery': 1}",0,54.32462000000001,0,0,0,0,0,"{'solar': 1, 'wind': 0, 'generator': 0}",285.0,194.0165,1.8,0.6
2816,-340.9070595484712,36.5700342,304.3370253484712,0.0,160.17738176235326,0.0,403.97760976235327,403.97760976235327,0,"{'load': 1, 'battery': 1}",0,243.800228,0,0,0,0,0,"{'solar': 1, 'wind': 0, 'generator': 0}",285.0,870.7151,6.48,1.9
2817,-1211.334292759313,29.319515400000004,1182.014777359313,0.0,337.7185078169466,0.0,533.1819438169466,533.1819438169466,0,"{'load': 1, 'battery': 1}",0,195.46343600000003,0,0,0,0,0,"{'solar': 1, 'wind': 0, 'generator': 0}",285.0,698.0837,5.58,3.5
2818,-936.6244330011485,0.9694314,935.6550016011486,0.0,492.4500008427098,0.0,498.9128768427098,498.9128768427098,0,"{'load': 1, 'battery': 1}",0,6.4628760000000005,0,0,0,0,0,"{'solar': 1, 'wind': 0, 'generator': 0}",285.0,23.0817,16.56,1.9
2819,-151.7832616807333,0.002499,151.7807626807333,0.0,252.96793780122215,0.0,252.98459780122215,252.98459780122215,0,"{'load': 1, 'battery': 1}",0,0.01666,0,0,0,0,0,"{'solar': 1, 'wind': 0, 'generator': 0}",285.0,0.0595,3.9600000000000004,0.6
2820,-102.51528728134473,0.0015582000000000003,102.51580668134473,0.0,170.8596778022412,0.0020776,170.8596778022412,170.8596778022412,0,"{'load': 1, 'battery': 1}",0,0.010388000000000001,2,0,0,0,0,"{'solar': 1, 'wind': 0, 'generator': 0}",285.0,0.0371,9.684,0.6
2821,-167.05472791150078,7.0636062,159.99112171150077,0.0,266.651869519168,0.0,313.742577519168,313.742577519168,0,"{'load': 1, 'battery': 1}",0,47.090708,0,0,0,0,0,"{'solar': 1, 'wind': 0, 'generator': 0}",285.0,168.1811,10.404,0.6
2822,-294.44376321752736,34.4784888,259.9652744175274,0.0,136.8238286408039,0.0,366.6804206408039,366.6804206408039,0,"{'load': 1, 'battery': 1}",0,229.856592,0,0,0,0,0,"{'solar': 1, 'wind': 0, 'generator': 0}",285.0,820.9164,7.416,1.9
2823,-1480.237546142333,14.6991558,1465.538390342333,0.0,418.72525438352375,0.0,516.7196263835237,516.7196263835237,0,"{'load': 1, 'battery': 1}",0,97.994372,0,0,0,0,0,"{'solar': 1, 'wind': 0, 'generator': 0}",285.0,349.9799,25.2,3.5
2824,-1110.9000764013347,0.040361999999999995,1110.8597144013347,0.0,584.6630075796498,0.0,584.9320875796499,584.9320875796499,0,"{'load': 1, 'battery': 1}",0,0.26908,0,0,0,0,0,"{'solar': 1, 'wind': 0, 'generator': 0}",285.0,0.961,24.840000000000003,1.9
2825,-150.73801625620504,0.0007476,150.73726865620503,0.0,251.22878109367508,0.0,251.2337650936751,251.2337650936751,0,"{'load': 1, 'battery': 1}",0,0.004984,0,0,0,0,0,"{'solar': 1, 'wind': 0, 'generator': 0}",285.0,0.0178,11.16,0.6
2826,-96.1540387182606,0.0021084,96.1519303182606,0.0,160.253217197101,0.0,160.26727319710102,160.26727319710102,0,"{'load': 1, 'battery': 1}",0,0.014056,0,0,0,0,0,"{'solar': 1, 'wind': 0, 'generator': 0}",285.0,0.0502,1.836,0.6
2827,-177.24096303740723,2.5169147940567904,174.72404824335044,0.0,291.2067470722507,0.0,291.2067470722507,291.2067470722507,0,"{'load': 1, 'battery': 1}",0,16.778776,1,0,0,0,0,"{'solar': 1, 'wind': 0, 'generator': 0}",285.0,59.9242,24.084000000000003,0.6
2828,-250.61867101167124,28.133292599999994,222.48537841167123,0.0,117.09756758509013,0.0,304.6528515850901,304.6528515850901,0,"{'load': 1, 'battery': 1}",0,187.55528399999997,0,0,0,0,0,"{'solar': 1, 'wind': 0, 'generator': 0}",285.0,669.8403,13.968,1.9
2829,-174.1836343385195,24.507630000000002,149.6760043385195,0.0,249.46000723086587,0.0,412.8442072308659,412.8442072308659,0,"{'load': 1, 'battery': 1}",0,163.38420000000002,0,0,0,0,0,"{'solar': 1, 'wind': 0, 'generator': 0}",285.0,583.515,5.472,0.6
2830,-503.73136874475824,0.0015833333333333333,503.7297854114249,270.0,289.69976156825,0.0,559.69976156825,559.69976156825,1,"{'load': 1, 'battery': 1}",1,0.0,0,0,0,0,0,"{'solar': 0, 'wind': 0, 'generator': 0}",285.0,0.0185,4.572,0.8999999999999999
2831,-124.40395629676384,0.0,124.40395629676384,0.0,207.33992716127307,0.0,207.33992716127307,207.33992716127307,0,"{'load': 1, 'battery': 1}",0,0.0,1,0,0,0,0,"{'solar': 0, 'wind': 0, 'generator': 0}",285.0,0.0487,4.824000000000001,0.6
2832,-85.26083267168214,0.003213,85.26190367168213,0.0,142.1031727861369,0.0042840000000000005,142.1031727861369,142.1031727861369,0,"{'load': 1, 'battery': 1}",0,0.02142,2,0,0,0,0,"{'solar': 1, 'wind': 0, 'generator': 0}",285.0,0.0765,15.3,0.6
2833,-176.13620709544955,0.0015833333333333333,176.1346237621162,270.0,23.557706270193705,0.0,293.5577062701937,293.5577062701937,1,"{'load': 1, 'battery': 1}",1,0.0,0,0,0,0,0,"{'solar': 0, 'wind': 0, 'generator': 0}",285.0,47.1041,1.836,0.6
2834,-78.55939189972622,27.326670000000004,51.23272189972622,0.0,85.38786983287704,0.0,267.56566983287706,267.56566983287706,0,"{'load': 1, 'battery': 1}",0,182.17780000000002,0,0,0,0,0,"{'solar': 1, 'wind': 0, 'generator': 0}",285.0,650.635,2.9160000000000004,0.6
2835,-228.16316546025107,18.454005224675306,209.70916023557575,0.0,349.5152670592929,0.0,349.5152670592929,349.5152670592929,0,"{'load': 1, 'battery': 1}",0,123.021892,1,0,0,0,0,"{'solar': 1, 'wind': 0, 'generator': 0}",285.0,439.3639,7.992000000000001,0.6
2836,-451.87370489999705,0.0,451.87370489999705,0.0,502.0818943333301,0.0,502.0818943333301,502.0818943333301,0,"{'load': 1, 'battery': 1}",0,0.0,0,0,0,0,0,"{'solar': 0, 'wind': 0, 'generator': 0}",285.0,0.061,40.464,0.8999999999999999
2837,-161.59443323658033,0.0020454,161.59511503658035,0.0,269.3251917276339,0.002727200000000001,269.3251917276339,269.3251917276339,0,"{'load': 1, 'battery': 1}",0,0.013636000000000002,2,0,0,0,0,"{'solar': 1, 'wind': 0, 'generator': 0}",285.0,0.0487,14.832,0.6
2838,-81.15712009537326,0.0032760000000000003,81.15384409537326,0.0,135.2564068256221,0.0,135.2782468256221,135.2782468256221,0,"{'load': 1, 'battery': 1}",0,0.021840000000000002,0,0,0,0,0,"{'solar': 1, 'wind': 0, 'generator': 0}",285.0,0.078,15.371999999999998,0.6
2839,-177.4689606196686,0.0,177.4689606196686,0.0,295.781601032781,0.0,295.781601032781,295.781601032781,0,"{'load': 1, 'battery': 1}",0,0.0,0,0,0,0,0,"{'solar': 0, 'wind': 0, 'generator': 0}",285.0,5.7153,14.508000000000001,0.6
2840,-78.72258219048474,24.8015376,53.92104459048475,0.0,89.86840765080791,0.0,255.2119916508079,255.2119916508079,0,"{'load': 1, 'battery': 0}",0,165.343584,0,0,0,0,0,"{'solar': 1, 'wind': 0, 'generator': 0}",285.0,590.5128,25.776,0.6
2841,-118.47107842749585,15.0638964,103.40718202749585,0.0,172.34530337915976,0.0,272.77127937915975,272.77127937915975,0,"{'load': 1, 'battery': 1}",0,100.425976,0,0,0,0,0,"{'solar': 1, 'wind': 0, 'generator': 0}",285.0,358.6642,5.148,0.6
2842,-434.7536576301381,0.0010038,434.7539922301381,0.0,483.0599913668202,0.0013384,483.0599913668202,483.0599913668202,0,"{'load': 1, 'battery': 1}",0,0.006692,2,0,0,0,0,"{'solar': 1, 'wind': 0, 'generator': 0}",285.0,0.0239,39.744,0.8999999999999999
2843,-159.13998325115213,0.0,159.13998325115213,0.0,265.2333054185869,0.0,265.2333054185869,265.2333054185869,0,"{'load': 1, 'battery': 1}",0,0.0,0,0,0,0,0,"{'solar': 0, 'wind': 0, 'generator': 0}",285.0,0.034,0.396,0.6
2844,-125.85478095032525,0.0002604,125.85452055032525,0.0,209.75753425054208,0.0,209.75927025054207,209.75927025054207,0,"{'load': 1, 'battery': 1}",0,0.001736,0,0,0,0,0,"{'solar': 1, 'wind': 0, 'generator': 0}",285.0,0.0062,6.048,0.6
2845,-243.14730602511176,0.068103,243.07920302511175,0.0,405.13200504185295,0.0,405.58602504185296,405.58602504185296,0,"{'load': 1, 'battery': 1}",0,0.45402,0,0,0,0,0,"{'solar': 1, 'wind': 0, 'generator': 0}",285.0,1.6215,19.332,0.6
2846,-128.77117327856402,21.360906000000004,107.410267278564,0.0,179.01711213094,0.0,321.42315213094,321.42315213094,0,"{'load': 1, 'battery': 1}",0,142.40604000000002,0,0,0,0,0,"{'solar': 1, 'wind': 0, 'generator': 0}",285.0,508.593,4.392,0.6
2847,-155.9789710506753,7.431921000000001,148.54705005067532,0.0,247.57841675112556,0.0,297.12455675112557,297.12455675112557,0,"{'load': 1, 'battery': 1}",0,49.54614000000001,0,0,0,0,0,"{'solar': 1, 'wind': 0, 'generator': 0}",285.0,176.9505,11.376000000000001,0.6
2848,-482.5711435179713,0.0017220000000000002,482.5694215179713,0.0,536.1882461310793,0.0,536.1997261310793,536.1997261310793,0,"{'load': 1, 'battery': 1}",0,0.011480000000000002,0,0,0,0,0,"{'solar': 1, 'wind': 0, 'generator': 0}",285.0,0.041,23.184,0.8999999999999999
2849,-200.7150051721403,0.0,200.7150051721403,0.0,334.52500862023385,0.0,334.52500862023385,334.52500862023385,0,"{'load': 1, 'battery': 1}",0,0.0,0,0,0,0,0,"{'solar': 0, 'wind': 0, 'generator': 0}",285.0,0.0928,6.12,0.6
2850,-180.727955697635,0.0,180.727955697635,0.0,301.21325949605836,0.0,301.21325949605836,301.21325949605836,0,"{'load': 1, 'battery': 1}",0,0.0,2,0,0,0,0,"{'solar': 1, 'wind': 0, 'generator': 0}",285.0,0.0,2.52,0.6
2851,-287.754398959752,0.0,287.754398959752,0.0,479.59066493292,0.0,479.59066493292,479.59066493292,0,"{'load': 1, 'battery': 1}",0,0.0,0,0,0,0,0,"{'solar': 0, 'wind': 0, 'generator': 0}",285.0,0.3824,8.712,0.6
2852,-160.5688961149158,21.327343799999998,139.2415523149158,0.0,232.06925385819298,0.0,374.25154585819297,374.25154585819297,0,"{'load': 1, 'battery': 1}",0,142.182292,0,0,0,0,0,"{'solar': 1, 'wind': 0, 'generator': 0}",285.0,507.7939,6.408,0.6
2853,-135.13573693904766,17.9422362,117.19350073904766,0.0,195.32250123174612,0.0,314.93740923174613,314.93740923174613,0,"{'load': 1, 'battery': 1}",0,119.61490800000001,0,0,0,0,0,"{'solar': 1, 'wind': 0, 'generator': 0}",285.0,427.1961,25.992,0.6
2854,-485.2544515274074,0.0,485.2544515274074,0.0,539.1716128082305,0.0,539.1716128082305,539.1716128082305,0,"{'load': 1, 'battery': 1}",0,0.0,0,0,0,0,0,"{'solar': 0, 'wind': 0, 'generator': 0}",285.0,0.044,16.272,0.8999999999999999
2855,-195.43946915913298,0.0,195.43946915913298,0.0,325.732448598555,0.0,325.732448598555,325.732448598555,0,"{'load': 1, 'battery': 1}",0,0.0,2,0,0,0,0,"{'solar': 0, 'wind': 0, 'generator': 0}",285.0,0.0487,8.64,0.6
2856,-145.91845313183532,0.003213,145.91524013183533,0.0,243.1920668863922,0.0,243.21348688639222,243.21348688639222,0,"{'load': 1, 'battery': 1}",0,0.02142,0,0,0,0,0,"{'solar': 1, 'wind': 0, 'generator': 0}",285.0,0.0765,29.088,0.6
2857,-280.83766641777584,0.047224800000000004,280.85340801777585,0.0,468.08901336295975,0.06296640000000002,468.08901336295975,468.08901336295975,0,"{'load': 1, 'battery': 1}",0,0.31483200000000006,2,0,0,0,0,"{'solar': 1, 'wind': 0, 'generator': 0}",285.0,1.1244,20.52,0.6
2858,-158.9602827561359,24.025276799999997,134.9350059561359,0.0,224.89167659355988,0.0,385.0601885935599,385.0601885935599,0,"{'load': 1, 'battery': 1}",0,160.168512,0,0,0,0,0,"{'solar': 1, 'wind': 0, 'generator': 0}",285.0,572.0304,25.056,0.6
2859,-108.38505383688512,21.947041199999997,86.43801263688512,0.0,144.06335439480853,0.0,290.3769623948085,290.3769623948085,0,"{'load': 1, 'battery': 1}",0,146.313608,0,0,0,0,0,"{'solar': 1, 'wind': 0, 'generator': 0}",285.0,522.5486,21.564,0.6
2860,-475.28788770635435,0.0,475.28788770635435,0.0,528.0976530070604,0.0,528.0976530070604,528.0976530070604,0,"{'load': 1, 'battery': 1}",0,0.0,0,0,0,0,0,"{'solar': 0, 'wind': 0, 'generator': 0}",285.0,0.0031,19.98,0.8999999999999999
2861,-177.94315422801552,0.0009072000000000002,177.94224702801552,0.0,296.5704117133592,0.0,296.5764597133592,296.5764597133592,0,"{'load': 1, 'battery': 1}",0,0.006048000000000001,0,0,0,0,0,"{'solar': 1, 'wind': 0, 'generator': 0}",285.0,0.0216,4.212,0.6
2862,-111.0967589704944,0.0,111.0967589704944,0.0,185.161264950824,0.0,185.161264950824,185.161264950824,0,"{'load': 1, 'battery': 1}",0,0.0,0,0,0,0,0,"{'solar': 0, 'wind': 0, 'generator': 0}",285.0,0.0757,18.144000000000002,0.6
2863,-219.20183270480393,0.5559456,218.64588710480393,0.0,364.4098118413399,0.0,368.1161158413399,368.1161158413399,0,"{'load': 1, 'battery': 1}",0,3.7063040000000003,0,0,0,0,0,"{'solar': 1, 'wind': 0, 'generator': 0}",285.0,13.2368,6.6240000000000006,0.6
2864,-91.41554860038542,27.1664862,64.24906240038543,0.0,107.08177066730906,0.0,288.1916786673091,288.1916786673091,0,"{'load': 1, 'battery': 0}",0,181.10990800000002,0,0,0,0,0,"{'solar': 1, 'wind': 0, 'generator': 0}",285.0,646.8211,11.592,0.6
2865,-98.69962947626203,17.511677400000004,81.18795207626204,0.0,135.31325346043673,0.0,252.05776946043673,252.05776946043676,0,"{'load': 1, 'battery': 1}",0,116.74451600000002,0,0,0,0,0,"{'solar': 1, 'wind': 0, 'generator': 0}",285.0,416.9447,43.2,0.6
2866,-440.9953361299801,0.0159894,440.9793467299801,0.0,489.97705192220013,0.0,490.08364792220016,490.08364792220016,0,"{'load': 1, 'battery': 1}",0,0.10659600000000001,0,0,0,0,0,"{'solar': 1, 'wind': 0, 'generator': 0}",285.0,0.3807,23.364,0.8999999999999999
2867,-177.0511636203524,0.007530599999999999,177.04363302035242,0.0,295.07272170058735,0.0,295.12292570058736,295.12292570058736,0,"{'load': 1, 'battery': 1}",0,0.050204,0,0,0,0,0,"{'solar': 1, 'wind': 0, 'generator': 0}",285.0,0.1793,22.715999999999998,0.6
2868,-92.00487958200301,0.0,92.00487958200301,0.0,153.34146597000503,0.0,153.34146597000503,153.34146597000503,0,"{'load': 1, 'battery': 1}",0,0.0,2,0,0,0,0,"{'solar': 1, 'wind': 0, 'generator': 0}",285.0,0.0,22.824,0.6
2869,-218.08177934536687,2.661429843601235,215.42034950176563,0.0,359.03391583627604,0.0,359.03391583627604,359.03391583627604,0,"{'load': 1, 'battery': 1}",0,17.742172000000004,1,0,0,0,0,"{'solar': 1, 'wind': 0, 'generator': 0}",285.0,63.3649,1.8,0.6
2870,-86.93565938742535,18.7161786,68.21948078742534,0.0,113.6991346457089,0.0,238.4736586457089,238.4736586457089,0,"{'load': 1, 'battery': 1}",0,124.774524,0,0,0,0,0,"{'solar': 1, 'wind': 0, 'generator': 0}",285.0,445.6233,11.592,0.6
2871,-181.74906054707878,28.303575075109876,153.4454854719689,0.0,255.74247578661488,0.0,255.74247578661488,255.74247578661488,0,"{'load': 1, 'battery': 1}",0,188.68312400000002,1,0,0,0,0,"{'solar': 1, 'wind': 0, 'generator': 0}",285.0,673.8683,10.152,0.6
2872,-350.19057322164866,0.0783174,350.11225582164866,0.0,389.0136175796097,0.0,389.53573357960965,389.53573357960965,0,"{'load': 1, 'battery': 0}",0,0.522116,0,0,0,0,0,"{'solar': 1, 'wind': 0, 'generator': 0}",285.0,1.8647,28.152,0.8999999999999999
2873,-110.14694453881434,0.0,110.14694453881434,0.0,183.5782408980239,0.0,183.5782408980239,183.5782408980239,0,"{'load': 1, 'battery': 1}",0,0.0,0,0,0,0,0,"{'solar': 1, 'wind': 0, 'generator': 0}",285.0,0.0,19.836,0.6
2874,-83.60226546397267,0.0,83.60226546397267,0.0,139.3371091066211,0.0,139.3371091066211,139.3371091066211,0,"{'load': 1, 'battery': 1}",0,0.0,0,0,0,0,0,"{'solar': 1, 'wind': 0, 'generator': 0}",285.0,0.0,13.356,0.6
2875,-139.31058627867898,6.963201,132.34738527867898,0.0,220.57897546446497,0.0,267.00031546446496,267.00031546446496,0,"{'load': 1, 'battery': 1}",0,46.42134,0,0,0,0,0,"{'solar': 1, 'wind': 0, 'generator': 0}",285.0,165.7905,24.12,0.6
2876,-54.132299294204834,29.3276214,24.804677894204833,0.0,41.34112982367472,0.0,236.85860582367474,236.85860582367474,0,"{'load': 1, 'battery': 1}",0,195.51747600000002,0,0,0,0,0,"{'solar': 1, 'wind': 0, 'generator': 0}",285.0,698.2767,3.6,0.6
2877,-188.62074338681873,0.0,188.62074338681873,0.0,314.3679056446979,0.0,314.3679056446979,314.3679056446979,0,"{'load': 1, 'battery': 1}",0,0.0,0,0,0,0,0,"{'solar': 0, 'wind': 0, 'generator': 0}",285.0,741.4961,17.568,0.6
2878,-411.3151742972426,0.0,411.3151742972426,0.0,457.0168603302696,0.0,457.0168603302696,457.0168603302696,0,"{'load': 1, 'battery': 1}",0,0.0,0,0,0,0,0,"{'solar': 0, 'wind': 0, 'generator': 0}",285.0,17.1302,25.56,0.8999999999999999
2879,-117.49730875015277,0.004216964854320987,117.49309178529845,0.0,195.8218196421641,0.0,195.8218196421641,195.8218196421641,0,"{'load': 1, 'battery': 1}",0,0.028112,1,0,0,0,0,"{'solar': 1, 'wind': 0, 'generator': 0}",285.0,0.1004,3.24,0.6
2880,-85.05715308708658,0.0,85.05715308708658,0.0,141.76192181181096,0.0,141.76192181181096,141.76192181181096,0,"{'load': 1, 'battery': 1}",0,0.0,0,0,0,0,0,"{'solar': 1, 'wind': 0, 'generator': 0}",285.0,0.0,4.6080000000000005,0.6
2881,-129.52749106265028,9.549078000000002,119.97841306265029,0.0,199.96402177108382,0.0,263.62454177108384,263.62454177108384,0,"{'load': 1, 'battery': 1}",0,63.66052000000001,0,0,0,0,0,"{'solar': 1, 'wind': 0, 'generator': 0}",285.0,227.359,13.644,0.6
2882,-87.0944328344535,39.803735999999994,47.29069683445351,0.0,24.88984043918606,0.0,290.248080439186,290.248080439186,0,"{'load': 1, 'battery': 1}",0,265.35823999999997,0,0,0,0,0,"{'solar': 1, 'wind': 0, 'generator': 0}",285.0,947.708,5.688000000000001,1.9
2883,-1303.8690511833856,0.0,1303.8690511833856,0.0,372.5340146238245,0.0,372.5340146238245,372.5340146238245,0,"{'load': 1, 'battery': 1}",0,0.0,0,0,0,0,0,"{'solar': 0, 'wind': 0, 'generator': 0}",285.0,701.8484,17.388,3.5
2884,-944.4199520825945,0.0,944.4199520825945,0.0,497.06313267504976,0.0,497.06313267504976,497.06313267504976,0,"{'load': 1, 'battery': 0}",0,0.0,0,0,0,0,0,"{'solar': 0, 'wind': 0, 'generator': 0}",285.0,15.3886,21.6,1.9
2885,-138.45367210025583,0.003960599999999999,138.44971150025583,0.0,230.74951916709307,0.0,230.77592316709308,230.77592316709308,0,"{'load': 1, 'battery': 1}",0,0.026403999999999997,0,0,0,0,0,"{'solar': 1, 'wind': 0, 'generator': 0}",285.0,0.0943,9.18,0.6
2886,-92.04986454970431,0.0,92.04986454970431,0.0,153.41644091617385,0.0,153.41644091617385,153.41644091617385,0,"{'load': 1, 'battery': 1}",0,0.0,0,0,0,0,0,"{'solar': 1, 'wind': 0, 'generator': 0}",285.0,0.0,0.5040000000000001,0.6
2887,-131.22061047465309,11.8911618,119.3294486746531,0.0,198.88241445775517,0.0,278.1568264577552,278.1568264577552,0,"{'load': 1, 'battery': 1}",0,79.27441200000001,0,0,0,0,0,"{'solar': 1, 'wind': 0, 'generator': 0}",285.0,283.1229,3.6,0.6
2888,-148.06315751805957,38.423389199999995,109.63976831805957,0.0,57.70514122003135,0.0,313.8610692200313,313.8610692200313,0,"{'load': 1, 'battery': 1}",0,256.15592799999996,0,0,0,0,0,"{'solar': 1, 'wind': 0, 'generator': 0}",285.0,914.8426,12.420000000000002,1.9
2889,-827.774070682754,33.821906999999996,793.952163682754,0.0,226.8434753379297,0.0,452.3228553379297,452.3228553379297,0,"{'load': 1, 'battery': 1}",0,225.47938,0,0,0,0,0,"{'solar': 1, 'wind': 0, 'generator': 0}",285.0,805.2835,10.908,3.5
2890,-962.6798187476974,2.944851,959.7349677476974,0.0,505.12366723563025,0.0,524.7560072356302,524.7560072356302,0,"{'load': 1, 'battery': 1}",0,19.63234,0,0,0,0,0,"{'solar': 1, 'wind': 0, 'generator': 0}",285.0,70.1155,7.272,1.9
2891,-147.11678910999464,0.0,147.11678910999464,0.0,245.19464851665776,0.0,245.19464851665776,245.19464851665776,0,"{'load': 1, 'battery': 1}",0,0.0,2,0,0,0,0,"{'solar': 0, 'wind': 0, 'generator': 0}",285.0,0.0039,20.52,0.6
2892,-96.54967798855797,0.005514600000000001,96.54416338855798,0.0,160.90693898092997,0.0,160.94370298092997,160.94370298092997,0,"{'load': 1, 'battery': 1}",0,0.036764000000000005,0,0,0,0,0,"{'solar': 1, 'wind': 0, 'generator': 0}",285.0,0.1313,5.688000000000001,0.6
2893,-157.15274253194943,3.0032813999999997,154.14946113194944,0.0,256.91576855324905,0.0,276.9376445532491,276.9376445532491,0,"{'load': 1, 'battery': 1}",0,20.021876,0,0,0,0,0,"{'solar': 1, 'wind': 0, 'generator': 0}",285.0,71.5067,3.2760000000000002,0.6
2894,-287.5487205451073,38.0404416,249.50827894510732,0.0,131.3201468132144,0.0,384.9230908132144,384.9230908132144,0,"{'load': 1, 'battery': 1}",0,253.602944,0,0,0,0,0,"{'solar': 1, 'wind': 0, 'generator': 0}",285.0,905.7248,0.36000000000000004,1.9
2895,-1092.8267923198432,34.316688,1058.510104319843,0.0,302.431458377098,0.0,531.209378377098,531.209378377098,0,"{'load': 1, 'battery': 1}",0,228.77792,0,0,0,0,0,"{'solar': 1, 'wind': 0, 'generator': 0}",285.0,817.064,1.9440000000000002,3.5
2896,-1068.2895814752756,2.8116606,1065.4779208752755,0.0,560.7778530922502,0.0,579.5222570922502,579.5222570922502,0,"{'load': 1, 'battery': 1}",0,18.744404000000003,0,0,0,0,0,"{'solar': 1, 'wind': 0, 'generator': 0}",285.0,66.9443,7.5600000000000005,1.9
2897,-167.13647741896565,0.0014615999999999997,167.13501581896566,0.0,278.5583596982761,0.0,278.5681036982761,278.5681036982761,0,"{'load': 1, 'battery': 1}",0,0.009744,0,0,0,0,0,"{'solar': 1, 'wind': 0, 'generator': 0}",285.0,0.0348,19.656,0.6
2898,-107.31096602634906,0.0,107.31096602634906,0.0,178.85161004391512,0.0,178.85161004391512,178.85161004391512,0,"{'load': 1, 'battery': 1}",0,0.0,0,0,0,0,0,"{'solar': 0, 'wind': 0, 'generator': 0}",285.0,0.0124,7.128,0.6
2899,-184.80338780851324,0.0,184.80338780851324,0.0,308.0056463475221,0.0,308.0056463475221,308.0056463475221,0,"{'load': 1, 'battery': 1}",0,0.0,1,0,0,0,0,"{'solar': 0, 'wind': 0, 'generator': 0}",285.0,66.4183,18.791999999999998,0.6
2900,-284.39288250793913,37.74667260000001,246.64620990793915,0.0,129.81379468838904,0.0,381.4582786883891,381.4582786883891,0,"{'load': 1, 'battery': 1}",0,251.64448400000006,0,0,0,0,0,"{'solar': 1, 'wind': 0, 'generator': 0}",285.0,898.7303,8.64,1.9
2901,-1257.816340470921,27.7139016,1230.1024388709209,0.0,351.45783967740596,0.0,536.217183677406,536.217183677406,0,"{'load': 1, 'battery': 1}",0,184.759344,0,0,0,0,0,"{'solar': 1, 'wind': 0, 'generator': 0}",285.0,659.8548,2.592,3.5
2902,-1127.9727579682972,1.3757142,1126.5970437682972,0.0,592.9458125096302,0.0,602.1172405096302,602.1172405096302,0,"{'load': 1, 'battery': 1}",0,9.171428,0,0,0,0,0,"{'solar': 1, 'wind': 0, 'generator': 0}",285.0,32.7551,18.503999999999998,1.9
2903,-166.36496871780528,0.0025326,166.3624361178053,0.0,277.2707268630088,0.0,277.2876108630088,277.2876108630088,0,"{'load': 1, 'battery': 1}",0,0.016884,0,0,0,0,0,"{'solar': 1, 'wind': 0, 'generator': 0}",285.0,0.0603,12.78,0.6
2904,-96.57811262390999,0.0009408000000000001,96.57717182390999,0.0,160.96195303985,0.0,160.96822503984998,160.96822503984998,0,"{'load': 1, 'battery': 1}",0,0.006272000000000001,0,0,0,0,0,"{'solar': 1, 'wind': 0, 'generator': 0}",285.0,0.0224,14.292000000000002,0.6
2905,-123.1349086510222,2.553138,120.5817706510222,0.0,200.96961775170368,0.0,217.99053775170367,217.99053775170367,0,"{'load': 1, 'battery': 1}",0,17.02092,0,0,0,0,0,"{'solar': 1, 'wind': 0, 'generator': 0}",285.0,60.789,11.484,0.6
2906,-257.1841579513476,36.3567666,220.82739135134756,0.0,116.22494281649873,0.0,358.60338681649876,358.60338681649876,0,"{'load': 1, 'battery': 0}",0,242.37844400000003,0,0,0,0,0,"{'solar': 1, 'wind': 0, 'generator': 0}",285.0,865.6373,30.96,1.9
2907,-1263.152075796383,29.337676200000004,1233.814399596383,0.0,352.5183998846809,0.0,548.1029078846809,548.1029078846809,0,"{'load': 1, 'battery': 1}",0,195.58450800000003,0,0,0,0,0,"{'solar': 1, 'wind': 0, 'generator': 0}",285.0,698.5161,27.612000000000002,3.5
2908,-1098.6458601612208,0.1680042,1098.4778559612207,0.0,578.1462399795898,0.0,579.2662679795899,579.2662679795899,0,"{'load': 1, 'battery': 1}",0,1.120028,0,0,0,0,0,"{'solar': 1, 'wind': 0, 'generator': 0}",285.0,4.0001,21.240000000000002,1.9
2909,-161.56295801931364,0.0015582000000000003,161.56139981931364,0.0,269.2689996988561,0.0,269.27938769885606,269.27938769885606,0,"{'load': 1, 'battery': 1}",0,0.010388000000000001,0,0,0,0,0,"{'solar': 1, 'wind': 0, 'generator': 0}",285.0,0.0371,12.6,0.6
2910,-99.66265606682408,0.003960599999999999,99.65869546682408,0.0,166.09782577804015,0.0,166.12422977804016,166.12422977804016,0,"{'load': 1, 'battery': 1}",0,0.026403999999999997,0,0,0,0,0,"{'solar': 1, 'wind': 0, 'generator': 0}",285.0,0.0943,2.088,0.6
2911,-177.5710425371771,0.0,177.5710425371771,0.0,295.95173756196186,0.0,295.95173756196186,295.95173756196186,0,"{'load': 1, 'battery': 1}",0,0.0,1,0,0,0,0,"{'solar': 0, 'wind': 0, 'generator': 0}",285.0,122.7231,11.268,0.6
2912,-262.2166565125483,32.4230802,229.79357631254828,0.0,120.94398753292015,0.0,337.09785553292016,337.09785553292016,0,"{'load': 1, 'battery': 0}",0,216.15386800000002,0,0,0,0,0,"{'solar': 1, 'wind': 0, 'generator': 0}",285.0,771.9781,13.212,1.9
2913,-1054.428660256848,25.742404800000003,1028.686255456848,0.0,293.91035870195657,0.0,465.5263907019566,465.5263907019566,0,"{'load': 1, 'battery': 0}",0,171.61603200000002,0,0,0,0,0,"{'solar': 1, 'wind': 0, 'generator': 0}",285.0,612.9144,15.156,3.5
2914,-1062.9822229708368,0.00282251034074074,1062.979400460496,0.0,559.4628423476295,0.0,559.4628423476295,559.4628423476295,0,"{'load': 1, 'battery': 1}",0,0.018816,1,0,0,0,0,"{'solar': 1, 'wind': 0, 'generator': 0}",285.0,0.0672,3.204,1.9
2915,-130.58516269264564,0.0027888,130.58237389264565,0.0,217.63728982107608,0.0,217.6558818210761,217.6558818210761,0,"{'load': 1, 'battery': 0}",0,0.018592,0,0,0,0,0,"{'solar': 1, 'wind': 0, 'generator': 0}",285.0,0.0664,15.947999999999999,0.6
2916,-91.66033821015772,0.0023351999999999995,91.65800301015771,0.0,152.76333835026287,0.0,152.77890635026287,152.77890635026287,0,"{'load': 1, 'battery': 1}",0,0.015567999999999999,0,0,0,0,0,"{'solar': 1, 'wind': 0, 'generator': 0}",285.0,0.0556,12.816,0.6
2917,-176.61681298216786,1.7190810000000003,174.89773198216787,0.0,291.4962199702798,0.0,302.9567599702798,302.9567599702798,0,"{'load': 1, 'battery': 1}",0,11.460540000000002,0,0,0,0,0,"{'solar': 1, 'wind': 0, 'generator': 0}",285.0,40.9305,1.836,0.6
2918,-86.6450798925252,29.139705,57.505374892525204,0.0,95.84229148754201,0.0,290.106991487542,290.106991487542,0,"{'load': 1, 'battery': 1}",0,194.2647,0,0,0,0,0,"{'solar': 1, 'wind': 0, 'generator': 0}",285.0,693.8025,7.704000000000001,0.6
2919,-194.6029997300879,13.066195800000001,181.5368039300879,0.0,302.56133988347983,0.0,389.66931188347985,389.66931188347985,0,"{'load': 1, 'battery': 1}",0,87.107972,0,0,0,0,0,"{'solar': 1, 'wind': 0, 'generator': 0}",285.0,311.0999,5.688000000000001,0.6
2920,-443.9666878236209,0.0013314,443.96535642362085,0.0,493.2948404706899,0.0,493.3037164706899,493.3037164706899,0,"{'load': 1, 'battery': 1}",0,0.008876,0,0,0,0,0,"{'solar': 1, 'wind': 0, 'generator': 0}",285.0,0.0317,10.836,0.8999999999999999
2921,-118.8070622154612,0.0034398000000000002,118.8082088154612,0.0,198.013681359102,0.0045864,198.013681359102,198.013681359102,0,"{'load': 1, 'battery': 1}",0,0.022932,2,0,0,0,0,"{'solar': 1, 'wind': 0, 'generator': 0}",285.0,0.0819,4.032000000000001,0.6
2922,-83.10700939279018,0.0037338000000000007,83.10327559279017,0.0,138.50545932131695,0.0,138.53035132131694,138.53035132131694,0,"{'load': 1, 'battery': 1}",0,0.024892000000000004,0,0,0,0,0,"{'solar': 1, 'wind': 0, 'generator': 0}",285.0,0.0889,18.791999999999998,0.6
2923,-186.30415591694646,1.2513564,186.72127471694645,0.0,311.2021245282441,1.6684752,311.2021245282441,311.2021245282441,0,"{'load': 1, 'battery': 1}",0,8.342376,2,0,0,0,0,"{'solar': 1, 'wind': 0, 'generator': 0}",285.0,29.7942,0.0,0.6
2924,-158.11636970963878,25.7340132,166.6943741096388,0.0,277.82395684939803,34.312017600000004,277.82395684939803,277.82395684939803,0,"{'load': 1, 'battery': 0}",0,171.560088,2,0,0,0,0,"{'solar': 1, 'wind': 0, 'generator': 0}",285.0,612.7146,7.308,0.6
2925,-119.85730250709071,16.0307994,103.8265031070907,0.0,173.04417184515117,0.0,279.91616784515116,279.91616784515116,0,"{'load': 1, 'battery': 1}",0,106.871996,0,0,0,0,0,"{'solar': 1, 'wind': 0, 'generator': 0}",285.0,381.6857,66.744,0.6
2926,-454.28462594589246,0.0027888,454.28183714589244,0.0,504.7575968287694,0.0,504.7761888287694,504.7761888287694,0,"{'load': 1, 'battery': 0}",0,0.018592,0,0,0,0,0,"{'solar': 1, 'wind': 0, 'generator': 0}",285.0,0.0664,13.284,0.8999999999999999
2927,-154.164153837399,0.002205,154.164888837399,0.0,256.941481395665,0.0029400000000000003,256.941481395665,256.941481395665,0,"{'load': 1, 'battery': 1}",0,0.014700000000000001,2,0,0,0,0,"{'solar': 1, 'wind': 0, 'generator': 0}",285.0,0.0525,9.0,0.6
2928,-81.15294266702765,0.0025326,81.15378686702765,0.0,135.2563114450461,0.0033768,135.2563114450461,135.2563114450461,0,"{'load': 1, 'battery': 1}",0,0.016884,2,0,0,0,0,"{'solar': 1, 'wind': 0, 'generator': 0}",285.0,0.0603,38.7,0.6
2929,-185.05538545156492,0.0,185.05538545156492,0.0,308.4256424192749,0.0,308.4256424192749,308.4256424192749,0,"{'load': 1, 'battery': 1}",0,0.0,0,0,0,0,0,"{'solar': 0, 'wind': 0, 'generator': 0}",285.0,1.8552,6.8759999999999994,0.6
2930,-134.54402066531577,5.628096599999999,128.91592406531578,0.0,214.85987344219296,0.0,252.38051744219297,252.38051744219297,0,"{'load': 1, 'battery': 1}",0,37.520644,0,0,0,0,0,"{'solar': 1, 'wind': 0, 'generator': 0}",285.0,134.0023,11.520000000000001,0.6
2931,-149.2922450309101,10.7814588,138.5107862309101,0.0,230.8513103848502,0.0,302.7277023848502,302.7277023848502,0,"{'load': 1, 'battery': 1}",0,71.876392,0,0,0,0,0,"{'solar': 1, 'wind': 0, 'generator': 0}",285.0,256.7014,15.984000000000002,0.6
2932,-473.3626991655784,0.0,473.3626991655784,0.0,525.9585546284205,0.0,525.9585546284205,525.9585546284205,0,"{'load': 1, 'battery': 1}",0,0.0,1,0,0,0,0,"{'solar': 0, 'wind': 0, 'generator': 0}",285.0,0.0209,20.304,0.8999999999999999
2933,-191.094247064858,0.0024654000000000004,191.09506886485798,0.0,318.49178144142996,0.0032872000000000005,318.49178144142996,318.49178144142996,0,"{'load': 1, 'battery': 1}",0,0.016436000000000003,2,0,0,0,0,"{'solar': 1, 'wind': 0, 'generator': 0}",285.0,0.0587,8.604000000000001,0.6
2934,-146.1377841214332,0.0033137999999999996,146.1344703214332,0.0,243.55745053572204,0.0,243.57954253572203,243.57954253572203,0,"{'load': 1, 'battery': 1}",0,0.022091999999999997,0,0,0,0,0,"{'solar': 1, 'wind': 0, 'generator': 0}",285.0,0.0789,14.544,0.6
2935,-287.7201770499995,0.05885460000000001,287.6613224499995,0.0,479.43553741666585,0.0,479.82790141666584,479.82790141666584,0,"{'load': 1, 'battery': 1}",0,0.39236400000000005,0,0,0,0,0,"{'solar': 1, 'wind': 0, 'generator': 0}",285.0,1.4013,11.088000000000001,0.6
2936,-102.22590721207735,19.8780708,82.34783641207734,0.0,137.24639402012892,0.0,269.76686602012893,269.76686602012893,0,"{'load': 1, 'battery': 1}",0,132.520472,0,0,0,0,0,"{'solar': 1, 'wind': 0, 'generator': 0}",285.0,473.2874,15.192,0.6
2937,-134.11257096761577,16.2114036,117.90116736761577,0.0,196.50194561269296,0.0,304.577969612693,304.577969612693,0,"{'load': 1, 'battery': 1}",0,108.076024,0,0,0,0,0,"{'solar': 1, 'wind': 0, 'generator': 0}",285.0,385.9858,20.88,0.6
2938,-496.7302094832844,0.0020454,496.7281640832844,0.0,551.9201823147605,0.0,551.9338183147605,551.9338183147605,0,"{'load': 1, 'battery': 1}",0,0.013636000000000002,0,0,0,0,0,"{'solar': 1, 'wind': 0, 'generator': 0}",285.0,0.0487,14.76,0.8999999999999999
2939,-203.02099515650644,0.0019152,203.01907995650643,0.0,338.36513326084406,0.0,338.37790126084406,338.37790126084406,0,"{'load': 1, 'battery': 1}",0,0.012768,0,0,0,0,0,"{'solar': 1, 'wind': 0, 'generator': 0}",285.0,0.0456,19.404,0.6
2940,-161.98631388068563,0.0006510254506172839,161.985662855235,0.0,269.976104758725,0.0,269.976104758725,269.976104758725,0,"{'load': 1, 'battery': 1}",0,0.00434,1,0,0,0,0,"{'solar': 1, 'wind': 0, 'generator': 0}",285.0,0.0155,27.072,0.6
2941,-312.25833112496406,0.0578634,312.2004677249641,0.0,520.3341128749402,0.0,520.7198688749402,520.7198688749402,0,"{'load': 1, 'battery': 1}",0,0.38575600000000004,0,0,0,0,0,"{'solar': 1, 'wind': 0, 'generator': 0}",285.0,1.3777,13.104000000000001,0.6
2942,-152.71880551454694,9.817285799999999,142.90151971454694,0.0,238.1691995242449,0.0,303.6177715242449,303.6177715242449,0,"{'load': 1, 'battery': 1}",0,65.448572,0,0,0,0,0,"{'solar': 1, 'wind': 0, 'generator': 0}",285.0,233.7449,24.804,0.6
2943,-107.72651694449168,19.681187400000002,88.04532954449168,0.0,146.74221590748613,0.0,277.95013190748614,277.95013190748614,0,"{'load': 1, 'battery': 1}",0,131.207916,0,0,0,0,0,"{'solar': 1, 'wind': 0, 'generator': 0}",285.0,468.5997,15.947999999999999,0.6
2944,-480.0690164879822,0.0,480.0690164879822,0.0,533.4100183199803,0.0,533.4100183199803,533.4100183199803,0,"{'load': 1, 'battery': 1}",0,0.0,2,0,0,0,0,"{'solar': 0, 'wind': 0, 'generator': 0}",285.0,0.0734,53.496,0.8999999999999999
2945,-233.53466489804498,0.0014615999999999997,233.535152098045,0.0,389.2252534967417,0.0019487999999999999,389.2252534967417,389.2252534967417,0,"{'load': 1, 'battery': 1}",0,0.009744,2,0,0,0,0,"{'solar': 1, 'wind': 0, 'generator': 0}",285.0,0.0348,47.519999999999996,0.6
2946,-134.53329487550272,0.0018186,134.5314762755027,0.0,224.21912712583787,0.0,224.23125112583787,224.23125112583787,0,"{'load': 1, 'battery': 1}",0,0.012124000000000001,0,0,0,0,0,"{'solar': 1, 'wind': 0, 'generator': 0}",285.0,0.0433,17.352,0.6
2947,-283.686988128588,0.1450302,283.541957928588,0.0,472.56992988097994,0.0,473.5367978809799,473.5367978809799,0,"{'load': 1, 'battery': 1}",0,0.9668680000000001,0,0,0,0,0,"{'solar': 1, 'wind': 0, 'generator': 0}",285.0,3.4531,9.9,0.6
2948,-103.46773791177904,25.683991199999998,77.78374671177905,0.0,129.6395778529651,0.0,300.8661858529651,300.8661858529651,0,"{'load': 1, 'battery': 1}",0,171.226608,0,0,0,0,0,"{'solar': 1, 'wind': 0, 'generator': 0}",285.0,611.5236,40.14,0.6
2949,-86.62003298431867,24.5916342,62.02839878431866,0.0,103.38066464053111,0.0,267.3248926405311,267.3248926405311,0,"{'load': 1, 'battery': 1}",0,163.944228,0,0,0,0,0,"{'solar': 1, 'wind': 0, 'generator': 0}",285.0,585.5151,8.712,0.6
2950,-483.6261965348302,0.0021084,483.62408813483023,0.0,537.3600979275892,0.0,537.3741539275892,537.3741539275892,0,"{'load': 1, 'battery': 1}",0,0.014056,0,0,0,0,0,"{'solar': 1, 'wind': 0, 'generator': 0}",285.0,0.0502,5.9399999999999995,0.8999999999999999
2951,-186.91002425297523,0.0017850000000000003,186.90823925297522,0.0,311.51373208829204,0.0,311.52563208829207,311.52563208829207,0,"{'load': 1, 'battery': 1}",0,0.011900000000000003,0,0,0,0,0,"{'solar': 1, 'wind': 0, 'generator': 0}",285.0,0.0425,14.004000000000001,0.6
2952,-98.23511411091116,0.00042000000000000007,98.23469411091115,0.0,163.72449018485193,0.0,163.72729018485194,163.72729018485194,0,"{'load': 1, 'battery': 1}",0,0.0028000000000000004,0,0,0,0,0,"{'solar': 1, 'wind': 0, 'generator': 0}",285.0,0.01,14.904,0.6
2953,-259.0916080708537,1.250718,257.8408900708537,0.0,429.73481678475616,0.0,438.07293678475617,438.07293678475617,0,"{'load': 1, 'battery': 1}",0,8.33812,0,0,0,0,0,"{'solar': 1, 'wind': 0, 'generator': 0}",285.0,29.779,15.588000000000001,0.6
2954,-52.177598371567626,31.3767216,20.800876771567623,0.0,34.66812795261271,0.0,243.8462719526127,243.8462719526127,0,"{'load': 1, 'battery': 1}",0,209.178144,0,0,0,0,0,"{'solar': 1, 'wind': 0, 'generator': 0}",285.0,747.0648,5.760000000000001,0.6
2955,-153.6273972490154,0.0,153.6273972490154,0.0,256.04566208169234,0.0,256.04566208169234,256.04566208169234,0,"{'load': 1, 'battery': 1}",0,0.0,0,0,0,0,0,"{'solar': 0, 'wind': 0, 'generator': 0}",285.0,667.1333,22.824,0.6
2956,-412.5594671560753,0.027015456118518518,412.53245169995677,0.0,458.3693907777298,0.0,458.3693907777298,458.3693907777298,0,"{'load': 1, 'battery': 1}",0,0.180096,1,0,0,0,0,"{'solar': 1, 'wind': 0, 'generator': 0}",285.0,0.6432,9.432,0.8999999999999999
2957,-181.3973569711448,0.002793,181.3945639711448,0.0,302.32427328524136,0.0,302.34289328524136,302.34289328524136,0,"{'load': 1, 'battery': 1}",0,0.01862,0,0,0,0,0,"{'solar': 1, 'wind': 0, 'generator': 0}",285.0,0.0665,14.868,0.6
2958,-94.16462593612916,0.0,94.16462593612916,0.0,156.94104322688193,0.0,156.94104322688193,156.94104322688193,0,"{'load': 1, 'battery': 0}",0,0.0,0,0,0,0,0,"{'solar': 1, 'wind': 0, 'generator': 0}",285.0,0.0,18.936,0.6
2959,-152.72804481027836,3.2436431999999997,149.48440161027835,0.0,249.14066935046392,0.0,270.76495735046393,270.76495735046393,0,"{'load': 1, 'battery': 1}",0,21.624288,0,0,0,0,0,"{'solar': 1, 'wind': 0, 'generator': 0}",285.0,77.2296,13.895999999999999,0.6
2960,-43.65478226313203,35.146146,8.508636263132024,0.0,14.181060438553374,0.0,248.4887004385534,248.4887004385534,0,"{'load': 1, 'battery': 1}",0,234.30764000000002,0,0,0,0,0,"{'solar': 1, 'wind': 0, 'generator': 0}",285.0,836.813,11.196,0.6
2961,-79.47139348321201,30.004430400000004,49.466963083212015,0.0,82.44493847202003,0.0,282.47447447202006,282.47447447202006,0,"{'load': 1, 'battery': 1}",0,200.02953600000004,0,0,0,0,0,"{'solar': 1, 'wind': 0, 'generator': 0}",285.0,714.3912,14.76,0.6
2962,-413.4352793352651,0.2708748,413.1644045352651,0.0,459.071560594739,0.0,460.87739259473904,460.87739259473904,0,"{'load': 1, 'battery': 1}",0,1.805832,0,0,0,0,0,"{'solar': 1, 'wind': 0, 'generator': 0}",285.0,6.4494,23.003999999999998,0.8999999999999999
2963,-114.28788908709355,0.0,114.28788908709355,0.0,190.47981514515592,0.0,190.47981514515592,190.47981514515592,0,"{'load': 1, 'battery': 1}",0,0.0,0,0,0,0,0,"{'solar': 1, 'wind': 0, 'generator': 0}",285.0,0.0,18.036,0.6
2964,-84.37054603733222,0.0,84.37054603733222,0.0,140.61757672888703,0.0,140.61757672888703,140.61757672888703,0,"{'load': 1, 'battery': 1}",0,0.0,2,0,0,0,0,"{'solar': 1, 'wind': 0, 'generator': 0}",285.0,0.0,4.212,0.6
2965,-167.84383129387587,0.0,167.84383129387587,0.0,279.73971882312645,0.0,279.73971882312645,279.73971882312645,0,"{'load': 1, 'battery': 1}",0,0.0,0,0,0,0,0,"{'solar': 0, 'wind': 0, 'generator': 0}",285.0,218.1999,3.6,0.6
2966,-517.2727707187547,39.843031200000006,477.4297395187547,0.0,251.2788102730288,0.0,250.91798019005785,265.62020800000005,0,"{'load': 1, 'battery': 1}",0,265.62020800000005,0,0,0,0,0,"{'solar': 1, 'wind': 0, 'generator': 0}",285.0,948.6436,9.972,1.9
2967,-1301.7905119436457,0.0,1301.7905119436457,0.0,371.9401462696131,0.0,371.9401462696131,371.9401462696131,0,"{'load': 1, 'battery': 1}",0,0.0,0,0,0,0,0,"{'solar': 0, 'wind': 0, 'generator': 0}",285.0,751.6608,8.64,3.5
2968,-887.9432483399329,1.3095641999999998,886.6336841399329,0.0,466.64930744207,0.0,475.37973544207,475.37973544207,0,"{'load': 1, 'battery': 1}",0,8.730428,0,0,0,0,0,"{'solar': 1, 'wind': 0, 'generator': 0}",285.0,31.1801,10.44,1.9
2969,-129.51672931581848,0.0,129.51672931581848,0.0,215.86121552636413,0.0,215.86121552636413,215.86121552636413,0,"{'load': 1, 'battery': 1}",0,0.0,0,0,0,0,0,"{'solar': 0, 'wind': 0, 'generator': 0}",285.0,0.0162,19.476000000000003,0.6
2970,-87.3067864628796,0.0078246,87.3093946628796,0.0,145.515657771466,0.0104328,145.515657771466,145.515657771466,0,"{'load': 1, 'battery': 1}",0,0.052164,2,0,0,0,0,"{'solar': 1, 'wind': 0, 'generator': 0}",285.0,0.1863,18.144000000000002,0.6
2971,-157.48642143060337,1.4533302000000001,156.03309123060336,0.0,260.0551520510056,0.0,269.74402005100563,269.74402005100563,0,"{'load': 1, 'battery': 1}",0,9.688868000000001,0,0,0,0,0,"{'solar': 1, 'wind': 0, 'generator': 0}",285.0,34.6031,8.784,0.6
2972,-44.504780627084656,38.7841986,5.720582027084654,0.0,3.0108326458340287,0.0,214.58741950025797,258.561324,0,"{'load': 1, 'battery': 1}",0,258.561324,0,0,0,0,0,"{'solar': 1, 'wind': 0, 'generator': 0}",285.0,923.4333,6.12,1.9
2973,-731.8044799381339,33.5909322,698.2135477381339,0.0,199.48958506803825,0.0,423.42913306803825,423.42913306803825,0,"{'load': 1, 'battery': 1}",0,223.939548,0,0,0,0,0,"{'solar': 1, 'wind': 0, 'generator': 0}",285.0,799.7841,26.712,3.5
2974,-950.729525039962,0.8482777618259258,949.8812472781361,0.0,499.9374985674401,0.0,499.9374985674401,499.9374985674401,0,"{'load': 1, 'battery': 1}",0,5.654964,1,0,0,0,0,"{'solar': 1, 'wind': 0, 'generator': 0}",285.0,20.1963,13.32,1.9
2975,-138.41984201309702,0.002142,138.41770001309703,0.0,230.69616668849505,0.0,230.71044668849507,230.71044668849507,0,"{'load': 1, 'battery': 1}",0,0.01428,0,0,0,0,0,"{'solar': 1, 'wind': 0, 'generator': 0}",285.0,0.051,5.58,0.6
2976,-92.96550746921515,0.0,92.96550746921515,0.0,154.94251244869193,0.0,154.94251244869193,154.94251244869193,0,"{'load': 1, 'battery': 1}",0,0.0,0,0,0,0,0,"{'solar': 1, 'wind': 0, 'generator': 0}",285.0,0.0,8.928,0.6
2977,-144.85948189896303,8.777613599999999,136.08186829896303,0.0,226.80311383160506,0.0,285.32053783160507,285.32053783160507,0,"{'load': 1, 'battery': 1}",0,58.517424,0,0,0,0,0,"{'solar': 1, 'wind': 0, 'generator': 0}",285.0,208.9908,11.268,0.6
2978,-185.49504420485061,38.333631000000004,147.16141320485062,0.0,77.45337537097402,0.0,333.01091537097403,333.01091537097403,0,"{'load': 1, 'battery': 1}",0,255.55754000000002,0,0,0,0,0,"{'solar': 1, 'wind': 0, 'generator': 0}",285.0,912.7055,6.156,1.9
2979,-966.9298298383402,32.4540552,934.4757746383402,0.0,266.9930784680972,0.0,483.3534464680972,483.3534464680972,0,"{'load': 1, 'battery': 1}",0,216.36036800000002,0,0,0,0,0,"{'solar': 1, 'wind': 0, 'generator': 0}",285.0,772.7156,2.4120000000000004,3.5
2980,-1009.4145507679591,2.2537998000000004,1007.1607509679591,0.0,530.0846057726101,0.0,545.1099377726101,545.1099377726101,0,"{'load': 1, 'battery': 1}",0,15.025332000000002,0,0,0,0,0,"{'solar': 1, 'wind': 0, 'generator': 0}",285.0,53.6619,2.8080000000000003,1.9
2981,-161.96949133909442,0.0008106000000000001,161.96868073909442,0.0,269.94780123182403,0.0,269.95320523182403,269.95320523182403,0,"{'load': 1, 'battery': 1}",0,0.005404000000000001,0,0,0,0,0,"{'solar': 1, 'wind': 0, 'generator': 0}",285.0,0.0193,14.508000000000001,0.6
2982,-273.5612500433286,0.0032717333333333334,273.5602295099952,270.0,185.93371584999207,0.0022512,179.8716859202199,270.0,1,"{'load': 1, 'battery': 1}",1,0.011256,2,0,0,0,0,"{'solar': 1, 'wind': 0, 'generator': 0}",285.0,0.0402,4.752000000000001,0.6
2983,-167.17296067274572,4.2646632,162.90829747274572,0.0,271.51382912124285,0.0,299.94491712124284,299.94491712124284,0,"{'load': 1, 'battery': 1}",0,28.431088000000003,0,0,0,0,0,"{'solar': 1, 'wind': 0, 'generator': 0}",285.0,101.5396,1.512,0.6
2984,-451.3826985499683,23.7871872,427.5955113499683,0.0,225.0502691315623,0.0,383.6315171315623,383.6315171315623,0,"{'load': 1, 'battery': 1}",0,158.58124800000002,0,0,0,0,0,"{'solar': 1, 'wind': 0, 'generator': 0}",285.0,566.3616,9.828,1.9
2985,-1156.1442357160076,32.6828124,1123.4614233160075,0.0,320.98897809028784,0.0,538.8743940902879,538.8743940902879,0,"{'load': 1, 'battery': 1}",0,217.88541600000002,0,0,0,0,0,"{'solar': 1, 'wind': 0, 'generator': 0}",285.0,778.1622,13.572000000000001,3.5
2986,-1096.945416262631,2.3880234,1097.7414240626308,0.0,577.7586442434899,3.1840312,577.7586442434899,577.7586442434899,0,"{'load': 1, 'battery': 1}",0,15.920156,2,0,0,0,0,"{'solar': 1, 'wind': 0, 'generator': 0}",285.0,56.8577,20.232,1.9
2987,-167.9681896370459,0.0010038,167.9671858370459,0.0,279.9453097284098,0.0,279.9520017284098,279.9520017284098,0,"{'load': 1, 'battery': 1}",0,0.006692,0,0,0,0,0,"{'solar': 1, 'wind': 0, 'generator': 0}",285.0,0.0239,4.788,0.6
2988,-106.71791299398346,0.004023757301234568,106.71388923668222,0.0,177.85648206113703,0.0,177.85648206113703,177.85648206113703,0,"{'load': 1, 'battery': 1}",0,0.026824,1,0,0,0,0,"{'solar': 1, 'wind': 0, 'generator': 0}",285.0,0.0958,6.5520000000000005,0.6
2989,-175.87373232055845,2.4862866,173.38744572055845,0.0,288.97907620093076,0.0,305.55432020093076,305.55432020093076,0,"{'load': 1, 'battery': 1}",0,16.575244,0,0,0,0,0,"{'solar': 1, 'wind': 0, 'generator': 0}",285.0,59.1973,0.36000000000000004,0.6
2990,-307.9836941592156,35.564046000000005,272.41964815921557,0.0,143.37876218906084,0.0,380.47240218906086,380.47240218906086,0,"{'load': 1, 'battery': 1}",0,237.09364000000002,0,0,0,0,0,"{'solar': 1, 'wind': 0, 'generator': 0}",285.0,846.763,11.484,1.9
2991,-1570.860001908893,30.9341424,1581.1713827088931,0.0,451.7632522025409,41.24552320000001,451.7632522025409,451.7632522025409,0,"{'load': 1, 'battery': 1}",0,206.227616,2,0,0,0,0,"{'solar': 1, 'wind': 0, 'generator': 0}",285.0,736.5272,21.240000000000002,3.5
2992,-1127.3466477902539,0.6268752000000001,1126.7197725902538,0.0,593.0104066264494,0.0,597.1895746264494,597.1895746264494,0,"{'load': 1, 'battery': 1}",0,4.179168000000001,0,0,0,0,0,"{'solar': 1, 'wind': 0, 'generator': 0}",285.0,14.9256,5.148,1.9
2993,-158.48204550983868,0.0,158.48204550983868,0.0,264.1367425163978,0.0,264.1367425163978,264.1367425163978,0,"{'load': 1, 'battery': 1}",0,0.0,1,0,0,0,0,"{'solar': 0, 'wind': 0, 'generator': 0}",285.0,0.0286,6.444,0.6
2994,-104.34897266729955,0.0017514000000000004,104.34955646729955,0.0,173.91592744549925,0.0023352000000000004,173.91592744549925,173.91592744549925,0,"{'load': 1, 'battery': 1}",0,0.011676000000000002,2,0,0,0,0,"{'solar': 1, 'wind': 0, 'generator': 0}",285.0,0.0417,6.84,0.6
2995,-184.79981675680645,0.0,184.79981675680645,0.0,307.9996945946774,0.0,307.9996945946774,307.9996945946774,0,"{'load': 1, 'battery': 1}",0,0.0,0,0,0,0,0,"{'solar': 0, 'wind': 0, 'generator': 0}",285.0,30.5633,6.8759999999999994,0.6
2996,-484.91931935310333,18.5600394,466.35927995310334,0.0,245.4522526068965,0.0,369.1858486068965,369.1858486068965,0,"{'load': 1, 'battery': 1}",0,123.733596,0,0,0,0,0,"{'solar': 1, 'wind': 0, 'generator': 0}",285.0,441.9057,5.184,1.9
2997,-1064.9928143011323,27.087849600000002,1037.9049647011323,0.0,296.5442756288949,0.0,477.12993962889493,477.12993962889493,0,"{'load': 1, 'battery': 1}",0,180.585664,0,0,0,0,0,"{'solar': 1, 'wind': 0, 'generator': 0}",285.0,644.9488,10.404,3.5
2998,-1104.7613662649621,0.019870200000000005,1104.7414960649621,0.0,581.4428926657696,0.0,581.5753606657696,581.5753606657696,0,"{'load': 1, 'battery': 1}",0,0.13246800000000003,0,0,0,0,0,"{'solar': 1, 'wind': 0, 'generator': 0}",285.0,0.4731,9.288,1.9
2999,-146.96496326005672,0.0016212000000000002,146.96334206005673,0.0,244.9389034334279,0.0,244.9497114334279,244.9497114334279,0,"{'load': 1, 'battery': 1}",0,0.010808000000000002,0,0,0,0,0,"{'solar': 1, 'wind': 0, 'generator': 0}",285.0,0.0386,12.78,0.6
3000,-91.1349309804798,0.0025956,91.13233538047979,0.0,151.887225634133,0.0,151.90452963413298,151.90452963413298,0,"{'load': 1, 'battery': 1}",0,0.017304,0,0,0,0,0,"{'solar': 1, 'wind': 0, 'generator': 0}",285.0,0.0618,13.428,0.6
3001,-157.4684201871787,3.5403942,153.9280259871787,0.0,256.54670997863116,0.0,280.14933797863114,280.14933797863114,0,"{'load': 1, 'battery': 1}",0,23.602628000000003,0,0,0,0,0,"{'solar': 1, 'wind': 0, 'generator': 0}",285.0,84.2951,12.78,0.6
3002,-89.58379735159319,32.75298180000001,56.83081555159318,0.0,94.71802591932197,0.0,313.071237919322,313.071237919322,0,"{'load': 1, 'battery': 1}",0,218.35321200000004,0,0,0,0,0,"{'solar': 1, 'wind': 0, 'generator': 0}",285.0,779.8329,7.416,0.6
3003,-237.17952813923867,22.6280124,244.7221989392387,0.0,407.87033156539786,30.170683200000003,407.87033156539786,407.87033156539786,0,"{'load': 1, 'battery': 1}",0,150.853416,2,0,0,0,0,"{'solar': 1, 'wind': 0, 'generator': 0}",285.0,538.7622,25.2,0.6
3004,-493.5226234828321,0.0009072000000000002,493.52171628283213,0.0,548.3574625364802,0.0,548.3635105364801,548.3635105364801,0,"{'load': 1, 'battery': 1}",0,0.006048000000000001,0,0,0,0,0,"{'solar': 1, 'wind': 0, 'generator': 0}",285.0,0.0216,24.840000000000003,0.8999999999999999
3005,-122.733544424399,0.002692200000000001,122.734441824399,0.0,204.557403040665,0.0035896000000000014,204.557403040665,204.557403040665,0,"{'load': 1, 'battery': 1}",0,0.017948000000000006,2,0,0,0,0,"{'solar': 1, 'wind': 0, 'generator': 0}",285.0,0.0641,11.16,0.6
3006,-84.13202983714612,0.0027888,84.12924103714612,0.0,140.21540172857686,0.0,140.23399372857688,140.23399372857688,0,"{'load': 1, 'battery': 0}",0,0.018592,0,0,0,0,0,"{'solar': 1, 'wind': 0, 'generator': 0}",285.0,0.0664,1.836,0.6
3007,-177.730019086643,1.9074048,175.82261428664302,0.0,293.03769047773835,0.0,305.75372247773834,305.75372247773834,0,"{'load': 1, 'battery': 1}",0,12.716032,0,0,0,0,0,"{'solar': 1, 'wind': 0, 'generator': 0}",285.0,45.4144,24.084000000000003,0.6
3008,-256.90594466302184,26.031003533333333,230.87494112968852,270.0,114.7915685494809,0.0,262.254500765487,443.529468,1,"{'load': 1, 'battery': 1}",1,173.529468,0,0,0,0,0,"{'solar': 1, 'wind': 0, 'generator': 0}",285.0,619.7481,13.968,0.6
3009,-129.2272324510007,18.081751799999996,111.14548065100071,0.0,185.24246775166785,0.0,305.78747975166783,305.78747975166783,0,"{'load': 1, 'battery': 1}",0,120.54501199999999,0,0,0,0,0,"{'solar': 1, 'wind': 0, 'generator': 0}",285.0,430.5179,21.744,0.6
